188
1
2
4
9
172
8
1
1
1
3
1
1
318
2
199
282
1
1
1
1
91
352
1
304
3
1
20
1
1
230
1
1
237
1
316
1
261
2
223
1
9
1
2
1
47
12
1
2
1
3
1
1
1
317
1
2
1
1
1
3
3
18
1
5
1
1
3
1
19
34
444
342
1
1
1
8
299
1
1
1
266
1
269
7
1
1
1
9
1
12
306
2
7
2
21
195
2
5
134
6
1
95
1
1
1
2
262
1
5
2
1
1
1
1
347
6
1
1
5
13
96
162
3
2
2
2
1
347
37
233
20
1
207
324
1
1
1
307
1
1
2
1
42
2
1
323
2
4
62
21
1
3
311
19
1
200
1
3
4
1
351
317
1
2
248
2
1
1
9
2
243
8
7
1
6
84
2
2
4
2
2
161
1
162
1
1
1
1
1
2
1
85
28
98
267
1
1
239
319
284
8
273
1
14
1
16
164
36
1
1
1
257
7
263
1
1
1
1
1
1
1
23
7
1
2
1
18
2
2
21
3
1
1
1
13
1
2
13
263
1
303
1
1
1
7
1
1
2
1
2
167
1
1
1
1
9
1
1
2
1
8
1
1
1
323
1
116
1
1
145
1
12
5
95
2
5
1
75
63
300
1
2
6
1
159
1
1
1
287
6
1
1
1
98
19
3
1
174
1
2
1
2
1
4
1
1
1
3
1
4
153
4
3
349
5
4
1
297
233
1
2
264
1
2
1
2
2
1
1
167
2
10
2
6
12
1
9
1
8
260
336
1
9
1
1
239
1
288
1
1
2
1
1
10
307
1
1
1
6
1
1
5
1
6
2
1
5
13
1
1
252
1
1
85
1
222
1
193
3
1
3
3
1
6
60
206
2
1
1
1
1
1
1
271
195
1
150
6
2
3
4
4
1
1
1
1
3
1
1
2
203
1
1
1
1
1
1
1
2
1
1
2
288
2
290
3
1
3
2
165
1
268
21
1
1
65
4
2
1
2
2
2
5
203
2
155
26
2
1
188
4
1
133
1
1
27
1
1
1
1
1
1
15
1
292
2
31
1
1
1
231
1
2
1
40
1
1
337
3
20
2
1
8
1
1
6
1
5
1
185
1
300
8
2
123
1
1
4
265
277
3
20
4
264
1
1
1
279
26
24
1
215
217
290
1
172
1
3
1
3
1
249
1
162
2
1
1
2
1
1
198
264
3
1
1
11
251
2
259
1
1
1
89
306
31
247
4
123
3
3
5
2
238
1
1
1
1
8
1
8
277
3
6
1
1
4
37
1
202
1
25
1
1
18
1
5
1
1
2
5
1
1
2
1
253
2
4
1
1
6
200
284
129
36
1
2
7
5
2
1
8
340
174
2
330
1
1
15
290
319
1
1
1
2
3
3
298
5
1
182
291
2
13
1
1
1
300
190
3
4
1
1
113
1
3
6
264
1
3
19
1
2
11
2
1
59
1
2
354
1
1
1
11
3
213
230
1
2
278
8
1
1
2
41
1
3
266
13
296
2
5
1
1
1
2
127
1
4
177
1
1
1
269
274
3
363
1
13
1
1
284
1
1
1
2
1
321
6
2
1
2
4
1
10
3
1
295
307
4
1
7
1
148
1
301
19
3
3
1
3
1
10
259
1
275
4
1
3
3
196
128
140
2
2
187
1
1
2
81
2
4
1
263
1
1
5
1
246
1
1
1
1
1
212
1
305
2
1
161
2
225
2
124
1
4
209
1
1
266
1
1
3
1
1
1
237
1
1
7
1
241
3
1
1
2
4
1
1
3
118
134
1
1
5
190
1
1
1
269
2
279
4
1
4
1
2
206
1
9
1
6
1
261
1
2
1
258
1
1
1
52
2
1
1
229
3
1
42
1
2
66
1
2
175
2
3
1
8
1
5
1
355
240
218
1
2
2
1
13
1
1
26
2
274
7
1
7
62
270
1
3
1
1
233
195
284
1
232
3
2
1
1
203
1
45
1
1
1
1
28
2
1
313
285
1
268
1
1
1
272
25
1
174
1
1
298
1
279
297
1
3
29
3
241
243
1
3
2
1
143
1
11
1
1
24
230
2
1
1
271
243
280
5
1
6
23
4
5
1
2
49
1
3
39
1
1
223
2
287
135
182
14
1
1
1
1
1
148
7
1
1
1
225
1
1
1
31
242
277
2
1
1
1
1
333
1
2
303
8
283
9
1
1
12
1
126
2
1
1
9
1
9
10
2
2
1
1
1
15
1
335
18
219
3
324
1
2
1
2
6
4
2
8
6
1
344
4
1
1
37
2
6
1
1
1
268
5
3
1
1
146
102
1
1
1
1
1
327
1
5
7
1
1
2
1
1
1
5
1
6
1
309
283
1
193
1
1
1
1
221
1
1
8
1
246
15
7
1
1
1
316
207
4
1
1
2
7
1
1
274
14
13
12
231
1
1
8
3
1
2
2
20
1
3
1
2
5
1
301
1
267
7
4
1
3
1
1
3
236
257
1
6
1
1
1
2
12
1
1
2
1
1
8
1
185
1
307
1
184
30
2
42
1
1
1
299
68
1
298
36
220
1
1
2
1
241
1
276
279
3
1
374
1
5
3
2
285
3
3
1
1
1
1
214
26
312
304
1
227
1
33
1
6
71
393
2
1
1
1
1
8
1
173
1
3
36
1
1
321
4
1
197
41
184
1
108
117
121
1
1
1
1
58
4
292
1
1
3
1
1
1
230
1
3
2
6
6
284
1
1
240
172
1
1
296
4
2
9
1
5
2
1
331
244
2
1
1
1
18
273
2
1
1
1
1
10
1
1
268
1
193
1
112
1
1
1
4
1
31
1
1
195
1
295
3
4
8
10
1
3
306
326
6
1
2
2
2
3
163
2
1
1
204
1
156
297
2
1
1
2
9
1
1
1
6
2
4
1
244
1
1
2
10
2
5
1
1
1
245
2
1
1
1
1
1
41
1
5
1
280
1
181
10
32
364
4
13
1
1
1
243
1
270
1
1
148
1
1
9
6
1
8
4
1
1
1
212
1
1
1
1
3
12
2
1
16
1
12
2
1
1
3
2
25
1
9
253
1
16
267
329
1
327
1
1
2
1
3
1
310
8
1
1
5
57
2
5
1
1
1
9
107
3
2
254
1
242
40
1
1
1
306
1
1
1
209
4
1
1
1
1
1
225
1
1
1
2
1
5
2
1
2
1
1
3
142
293
1
273
5
1
2
263
3
1
4
305
206
1
6
3
321
1
3
33
1
3
276
1
13
2
1
1
237
37
5
87
3
1
1
1
2
7
312
1
342
1
214
4
318
335
6
1
1
1
25
1
1
1
15
5
1
2
2
3
4
1
330
1
2
2
6
17
2
2
2
1
1
1
23
1
1
3
227
235
8
5
1
6
2
2
1
313
5
8
1
1
1
1
5
1
1
8
5
1
1
2
2
1
11
39
1
10
4
272
1
1
1
1
1
270
1
1
1
1
1
17
1
1
1
1
4
235
2
1
1
4
4
1
6
274
1
1
4
1
3
1
296
15
1
227
220
1
1
6
244
1
161
2
2
255
1
1
1
1
1
2
4
1
1
24
1
18
1
2
1
1
1
193
212
1
1
282
334
1
230
1
3
329
23
1
1
59
1
1
6
1
1
1
2
1
1
237
32
234
7
1
37
1
1
2
1
1
1
1
5
1
1
1
7
1
1
3
209
1
255
2
266
2
3
44
5
5
27
283
1
187
1
1
179
2
252
2
239
1
2
8
1
2
1
228
127
1
1
72
277
2
286
1
1
1
1
1
301
21
2
2
47
4
5
1
1
3
279
1
1
1
1
1
1
1
2
20
1
1
1
302
233
1
20
1
1
18
2
1
1
8
2
1
12
1
2
299
1
4
4
1
344
1
41
291
30
1
49
1
74
1
1
1
32
1
288
17
1
2
1
2
1
2
1
8
5
1
162
1
1
2
12
2
290
1
1
1
4
1
1
1
1
192
1
1
9
363
1
1
1
7
1
245
6
4
1
1
275
1
4
1
12
1
300
279
1
1
1
292
2
2
1
1
2
1
1
1
17
41
1
2
15
1
3
1
1
1
3
225
235
4
1
1
93
279
221
189
1
3
1
8
1
267
1
4
1
229
1
1
6
1
224
1
2
2
1
1
1
1
156
1
31
1
1
219
256
349
1
1
324
1
283
6
16
283
1
4
1
15
2
14
8
238
2
3
1
1
307
67
1
1
1
1
1
51
152
314
1
34
1
1
279
1
1
229
1
1
284
8
10
2
140
1
1
222
2
2
1
202
1
1
2
11
170
1
317
1
1
2
236
1
203
2
1
1
1
218
1
326
1
1
4
1
3
2
4
22
8
1
1
6
129
187
2
1
2
1
8
291
281
1
2
379
2
262
3
6
308
3
6
150
1
1
2
5
23
1
4
2
6
301
2
1
147
53
27
249
327
253
5
1
1
1
1
1
1
1
4
1
202
3
1
2
3
3
3
296
2
1
1
300
10
1
8
140
155
1
265
1
1
1
1
268
8
5
5
307
10
5
278
3
319
170
122
1
5
1
324
7
1
1
9
154
1
1
1
1
3
6
265
1
12
30
1
1
252
3
1
1
1
311
1
1
1
6
337
1
14
10
305
1
217
1
5
1
13
12
378
294
1
2
1
7
3
87
3
6
255
5
1
2
1
1
1
1
3
192
278
3
2
1
1
6
12
350
1
302
311
230
1
1
2
1
1
280
251
2
1
265
69
1
1
266
261
4
1
1
1
1
1
1
1
1
9
72
1
278
3
1
1
2
38
4
2
251
16
1
297
294
3
169
1
1
9
4
11
5
1
209
1
17
1
1
242
2
320
1
264
308
1
307
1
2
1
1
1
7
59
1
76
1
1
2
5
166
111
217
1
15
316
3
21
39
3
1
162
1
7
2
7
1
1
1
2
226
2
1
1
1
7
1
10
263
4
1
9
3
270
269
1
1
1
312
3
284
306
2
154
1
147
1
1
1
126
2
1
1
195
4
19
3
4
1
5
5
3
9
2
1
230
1
16
2
1
2
273
3
1
20
308
264
3
1
1
1
18
1
247
10
3
1
1
1
5
2
1
6
1
169
1
12
13
1
2
2
2
2
1
18
2
254
1
2
3
248
7
1
19
1
1
307
1
2
12
263
62
11
283
224
1
57
1
3
1
1
3
1
213
1
4
315
7
1
1
232
68
1
14
1
1
10
10
2
2
1
1
1
1
1
1
1
272
245
1
1
1
1
1
249
239
4
1
1
7
3
321
1
9
7
14
2
4
2
1
1
309
289
2
1
1
1
4
1
2
216
181
217
216
1
2
1
11
13
6
1
85
34
3
6
1
327
297
1
1
17
378
1
2
6
1
2
6
1
235
1
298
2
1
2
155
124
225
3
279
1
1
1
2
1
1
5
11
36
206
1
82
1
1
3
2
1
2
12
11
1
2
22
1
1
341
221
2
1
2
2
322
1
4
1
1
187
13
7
1
1
41
129
1
1
1
1
239
21
8
3
109
1
278
329
1
180
3
1
2
4
11
18
6
1
276
1
1
4
339
1
3
191
2
1
222
3
44
1
2
5
7
7
2
1
1
1
4
4
2
1
3
1
5
3
176
1
1
1
26
7
1
1
290
2
335
279
3
1
2
1
1
1
2
1
14
1
1
238
1
2
1
1
302
18
1
301
287
240
315
4
1
8
1
1
1
215
1
142
1
6
1
1
2
1
310
1
1
6
2
229
1
5
1
2
279
2
1
335
1
1
1
5
1
3
263
21
238
2
11
1
264
2
1
1
186
273
3
228
198
1
2
1
12
332
1
25
1
2
1
1
220
4
14
3
1
237
387
2
248
1
221
2
1
1
238
2
1
18
1
1
1
1
321
26
100
135
268
302
1
1
1
1
1
180
1
259
238
3
1
1
1
292
88
3
1
2
29
1
241
6
2
267
1
8
7
4
4
1
1
1
2
284
192
52
2
262
1
274
2
1
1
1
1
5
5
273
1
209
1
1
1
1
2
2
1
1
330
28
6
1
1
127
3
1
1
5
189
1
6
48
1
76
11
3
1
1
1
1
1
1
1
3
2
1
1
1
1
1
11
1
1
1
251
120
318
283
1
1
6
48
1
4
2
3
1
1
1
1
4
1
1
6
3
1
276
1
193
5
1
6
192
4
1
1
1
298
193
1
3
1
2
1
185
304
327
2
2
2
1
6
206
1
5
2
1
303
1
54
357
1
1
2
3
214
155
9
222
1
3
256
189
1
31
1
2
17
4
20
1
355
1
5
2
1
2
1
4
1
4
1
159
1
239
3
2
305
195
23
2
11
204
1
17
288
1
1
1
1
6
330
323
1
66
1
275
2
2
1
2
1
259
1
2
145
1
5
1
262
1
1
237
270
1
186
183
77
275
34
4
1
2
226
1
331
227
1
1
1
1
316
49
1
65
1
1
233
1
3
1
1
1
1
1
1
1
2
338
10
1
51
1
6
4
307
1
1
1
1
276
9
3
2
2
1
286
1
2
2
1
32
4
1
1
1
13
2
2
3
1
1
312
35
1
1
1
1
2
1
4
11
1
282
1
1
1
1
1
1
1
1
2
1
185
1
1
279
1
338
1
5
2
1
5
1
38
3
1
1
215
1
1
1
5
1
2
3
2
319
2
1
10
2
266
260
4
2
1
22
3
1
3
1
1
2
6
3
1
188
1
1
1
1
1
131
3
286
198
1
2
2
1
3
272
129
1
2
1
226
30
195
1
1
1
1
6
329
287
1
5
46
2
299
1
1
263
2
20
33
1
1
8
289
3
1
1
1
12
17
1
204
304
2
1
3
1
246
4
285
1
1
1
7
1
1
1
1
1
2
1
1
10
271
1
244
89
1
5
6
311
34
239
1
1
16
1
1
357
149
1
1
1
255
4
275
34
3
2
58
7
400
353
1
350
327
2
40
94
255
1
1
1
1
4
189
6
1
4
1
1
1
1
1
251
26
32
4
2
102
214
11
293
212
1
1
2
1
1
1
245
269
1
1
3
4
240
1
1
6
6
2
298
325
8
224
6
1
372
54
343
1
5
2
3
298
279
1
188
1
277
327
62
248
297
2
248
4
1
1
1
2
1
256
1
3
7
1
1
1
1
1
3
1
336
359
1
1
1
1
292
1
1
273
1
1
1
1
1
1
1
1
1
8
312
15
273
232
215
1
1
1
1
1
104
4
1
182
1
234
2
1
1
231
214
1
3
2
1
1
36
273
33
242
315
1
2
222
1
290
317
1
1
1
17
1
262
1
1
265
226
16
305
1
2
296
4
1
317
2
2
2
5
1
1
2
1
239
1
242
1
1
1
1
1
3
9
1
3
356
262
167
1
123
335
1
3
37
1
265
1
1
1
237
1
14
1
1
1
10
298
241
1
1
2
1
8
1
1
1
1
1
1
1
3
1
79
5
280
1
10
1
3
1
279
1
301
4
1
188
1
321
4
1
1
1
2
2
3
2
1
2
1
1
223
15
74
1
11
95
1
2
1
3
1
4
