9
2
2
3
1
1
1
113
1
5
79
2
4
1
1
1
17
1
2
2
1
5
5
1
221
6
2
2
57
1
177
3
1
43
1
1
1
26
15
1
1
3
1
1
1
48
2
2
3
1
1
3
1
1
1
1
1
1
1
2
2
2
1
1
2
3
1
5
1
1
2
17
1
1
1
33
1
1
2
1
179
1
86
1
2
47
2
17
28
1
1
1
4
1
2
1
3
1
2
1
163
12
1
3
1
1
1
2
4
13
1
104
1
1
190
1
1
1
7
3
3
1
1
14
5
1
1
116
44
117
79
1
46
2
1
11
19
1
4
1
1
1
1
2
1
1
1
1
20
2
223
1
3
4
61
169
1
26
2
1
2
1
1
2
292
1
2
1
2
5
2
1
3
130
12
11
1
1
74
1
1
1
1
48
11
14
133
1
2
1
9
1
31
3
2
34
23
3
1
2
225
5
1
9
8
1
1
2
4
1
1
52
1
16
20
32
1
1
1
41
1
1
1
143
5
1
1
1
1
1
1
1
5
1
2
1
1
2
1
1
6
230
30
1
108
1
2
2
2
1
78
2
1
1
7
1
1
5
138
2
228
65
1
1
1
2
8
1
1
1
1
8
296
128
1
1
32
106
3
1
146
1
5
1
1
1
2
15
3
1
1
2
1
5
1
8
1
1
77
1
121
22
8
7
1
216
16
1
110
8
1
1
12
2
25
1
1
231
164
1
1
1
1
3
1
18
3
1
2
1
2
3
162
127
1
1
4
1
1
1
1
1
1
1
1
1
1
1
166
1
1
2
4
1
67
67
9
2
1
7
133
1
1
2
160
91
1
10
1
1
8
150
8
4
16
1
1
2
1
8
132
1
1
2
13
2
12
7
1
1
1
1
5
4
224
1
1
1
160
1
28
4
187
1
1
2
1
2
1
1
1
1
2
1
5
4
1
1
1
1
1
27
103
1
1
9
1
1
8
155
1
1
1
1
4
17
1
88
1
1
2
1
2
3
1
163
1
1
7
1
24
1
54
1
2
1
200
2
1
7
1
1
5
6
1
1
1
6
50
1
2
5
2
1
2
1
1
5
1
23
1
80
3
2
161
9
62
2
2
213
1
38
2
2
1
190
1
1
1
1
1
1
254
1
2
1
1
6
1
1
1
23
1
7
8
1
13
10
35
1
8
235
2
1
124
4
9
1
1
46
49
1
1
174
2
1
2
10
4
3
26
147
3
1
2
6
1
1
1
1
33
1
1
5
1
4
1
1
1
93
1
1
1
1
1
1
1
1
1
82
39
1
2
1
75
3
2
1
1
16
1
10
2
9
1
2
2
214
1
16
5
2
180
2
1
1
1
180
14
1
1
1
1
1
1
2
1
1
1
6
2
1
1
1
10
1
1
1
1
4
1
14
8
1
1
7
1
1
2
1
35
1
3
3
1
1
2
1
1
26
1
163
1
12
65
1
236
28
1
145
66
108
1
1
1
1
1
11
2
1
1
2
4
3
2
12
1
1
1
1
1
1
2
1
1
1
67
1
3
1
8
2
3
3
1
1
1
1
3
57
19
1
1
3
1
27
131
1
1
1
1
1
1
2
1
186
3
1
1
37
5
1
116
1
1
1
1
2
6
1
39
1
1
13
1
2
1
3
2
5
2
1
22
1
5
1
2
1
120
35
66
1
3
1
4
1
11
1
58
32
1
3
24
1
2
5
9
1
6
28
1
1
1
7
12
1
65
3
3
1
1
1
1
69
81
44
20
125
2
72
1
1
5
15
2
1
1
91
99
1
1
1
1
1
9
1
11
2
1
264
2
1
1
6
4
2
2
1
187
24
1
108
1
1
1
5
1
5
28
1
4
1
6
1
4
1
201
3
1
7
1
250
4
16
2
1
9
1
1
179
12
1
10
1
1
1
1
1
1
1
10
1
2
1
2
17
1
2
1
162
101
1
1
23
2
1
154
6
1
1
1
13
2
1
1
2
1
2
5
1
1
8
3
3
19
1
6
259
1
2
1
1
2
2
4
1
1
1
1
1
1
1
2
1
135
108
2
2
1
1
31
5
15
2
2
2
278
36
87
2
1
13
1
4
1
1
132
1
4
3
1
2
26
3
3
1
1
1
4
1
1
75
2
1
1
2
1
1
157
1
8
7
3
4
3
1
9
1
250
158
7
205
1
2
34
1
1
2
1
1
2
1
75
2
1
234
1
32
4
1
1
1
1
2
5
2
1
3
1
1
1
1
1
40
1
1
54
1
9
35
4
3
16
2
1
1
1
1
1
2
1
2
1
1
1
6
4
1
1
1
1
195
3
2
1
197
34
190
29
1
1
1
3
18
1
1
2
1
1
1
1
1
19
1
1
1
2
1
1
1
28
1
1
1
1
55
1
121
1
1
2
1
1
1
1
140
1
115
1
2
2
8
1
2
4
21
41
1
1
3
5
1
17
1
1
1
1
4
6
2
1
1
4
3
1
10
5
100
5
1
1
241
244
1
1
2
1
4
1
2
4
2
1
117
1
1
1
1
1
1
3
136
5
11
1
9
56
1
1
1
2
3
117
1
47
1
1
3
1
1
1
1
1
4
4
1
14
23
1
1
168
1
1
17
1
123
2
8
22
1
1
1
3
5
1
1
1
123
1
1
202
95
1
1
17
3
1
1
1
163
170
8
1
9
1
15
2
1
6
2
2
5
1
318
2
1
1
2
16
1
1
1
2
1
3
1
3
29
25
60
1
3
1
2
21
2
1
1
2
1
1
1
1
1
2
1
18
1
1
1
1
1
1
1
2
177
56
1
277
6
3
1
241
15
1
284
157
57
19
98
2
6
105
36
173
1
134
1
2
1
1
6
1
1
1
1
1
261
1
2
1
2
1
1
2
1
2
1
1
190
43
1
2
1
1
1
1
8
3
1
1
3
1
2
11
2
1
2
55
3
32
1
1
3
46
183
13
2
1
2
1
10
1
1
1
1
1
95
6
8
6
3
1
56
73
1
8
37
4
1
1
158
5
5
1
81
1
2
5
99
5
166
1
2
124
3
5
2
1
2
10
4
3
18
3
2
1
111
1
1
2
12
6
9
1
5
1
1
2
4
314
12
2
3
231
1
3
1
117
1
1
1
1
1
1
1
151
2
21
1
253
4
17
160
2
1
103
1
29
3
2
1
1
1
130
3
1
1
1
1
1
1
1
7
13
177
1
1
22
11
1
1
1
1
1
90
1
2
4
2
1
27
159
1
306
1
1
23
84
15
2
4
2
1
5
1
1
32
1
1
80
1
2
20
26
1
1
1
23
2
1
1
2
92
1
2
1
148
1
2
1
2
26
1
112
1
8
1
23
81
4
1
2
1
7
1
2
1
10
9
2
1
1
21
1
2
2
1
1
1
1
5
1
2
3
57
5
157
64
1
3
6
16
3
1
6
81
4
1
3
4
2
19
3
2
1
214
109
193
84
6
203
69
1
1
22
1
2
1
3
1
2
172
1
1
3
1
1
45
181
1
1
1
35
1
1
1
1
1
4
1
1
2
1
144
1
1
6
1
26
1
1
131
1
1
1
171
2
1
3
1
1
1
1
2
1
9
2
1
1
1
1
1
2
3
1
167
48
137
4
1
5
1
1
1
140
2
3
8
134
1
1
1
61
3
2
1
1
2
1
2
1
1
1
8
1
3
1
1
2
22
1
1
1
2
5
1
126
2
2
15
2
4
1
2
1
1
2
8
6
1
2
1
4
1
1
55
1
2
1
2
10
1
1
1
1
1
1
2
1
10
1
1
77
5
164
10
1
142
4
7
176
140
5
1
2
2
4
1
1
6
1
2
1
1
1
8
6
2
2
4
3
1
1
70
3
11
16
4
61
1
1
1
1
74
1
1
8
3
1
1
1
1
129
4
122
195
278
5
11
1
1
2
5
1
33
1
3
1
1
1
8
1
1
7
1
1
1
2
163
148
14
1
1
3
1
1
2
4
1
1
1
1
1
1
4
1
30
2
98
2
1
1
80
4
16
1
51
15
1
5
1
27
2
2
24
1
1
2
1
7
91
2
1
1
1
1
142
1
1
2
199
3
1
1
1
9
2
1
2
1
5
1
1
2
2
199
66
2
2
1
1
11
2
1
3
41
3
1
1
144
1
11
1
1
25
4
174
185
1
1
131
1
162
231
2
2
8
2
1
143
4
11
194
3
5
1
1
1
9
9
1
1
60
6
2
1
1
10
1
3
4
79
40
1
1
1
247
1
2
1
1
1
162
12
1
59
107
3
2
2
1
57
4
1
1
63
11
120
188
1
1
263
1
127
3
141
1
1
92
1
3
3
3
203
1
61
5
1
1
121
1
1
1
1
2
1
2
1
1
1
117
21
1
2
1
2
1
25
3
1
28
1
9
1
3
1
1
1
3
1
1
1
1
4
143
4
1
1
2
1
1
21
2
2
1
1
1
1
1
5
135
1
4
5
40
2
1
1
11
14
6
1
40
1
4
1
1
2
1
227
1
2
3
1
103
1
1
1
3
11
1
1
24
1
2
1
1
3
1
2
2
1
1
6
176
1
151
3
113
3
1
6
12
6
1
1
2
6
2
8
1
158
222
22
7
1
2
1
7
1
5
1
12
208
4
3
4
4
157
19
1
6
1
1
1
1
1
10
3
14
1
1
1
1
6
1
90
1
1
14
2
3
3
5
2
1
11
1
2
206
1
2
1
12
2
1
1
1
2
144
176
8
1
1
1
2
200
1
1
1
33
2
2
4
1
1
32
5
3
1
9
12
1
1
40
1
1
1
1
1
1
252
1
64
38
1
11
1
1
1
1
2
2
1
1
3
89
1
1
6
1
270
2
2
165
1
4
5
65
178
1
1
1
178
34
1
1
1
7
18
1
1
1
8
4
1
1
1
56
1
9
1
1
170
1
21
1
33
1
6
1
2
3
1
17
1
1
3
1
115
14
9
6
92
1
1
2
2
11
5
142
1
2
127
2
2
1
1
1
1
78
1
140
1
1
1
64
321
1
214
77
4
1
1
3
2
1
4
145
6
1
1
3
1
4
136
1
1
2
1
9
2
2
237
1
208
1
4
1
2
46
2
71
1
1
1
134
4
140
3
1
3
28
8
97
1
8
2
1
2
18
1
4
6
4
1
8
9
197
1
1
9
1
2
5
1
2
4
125
61
1
1
3
21
2
1
67
1
1
2
73
1
1
1
1
1
3
1
6
11
1
13
6
62
1
1
1
1
1
7
2
1
10
8
8
7
1
2
64
1
3
1
1
192
5
10
1
1
2
1
27
2
14
1
89
156
1
1
1
11
256
2
1
2
1
5
40
1
5
1
3
1
57
1
2
1
83
196
177
1
1
1
1
1
10
1
1
44
1
26
90
1
24
5
1
3
1
1
76
6
1
6
1
2
2
32
25
1
122
25
2
1
1
2
16
3
8
1
96
1
102
1
1
2
1
1
66
54
1
142
2
1
1
2
1
1
2
1
2
1
1
205
2
1
31
1
1
38
2
2
1
1
2
2
10
1
2
1
20
5
18
10
19
2
6
2
1
1
2
17
1
6
1
1
2
1
1
3
2
162
1
1
5
1
91
13
1
1
1
1
170
1
1
1
7
1
1
54
224
5
1
5
107
4
2
3
1
6
4
28
1
100
1
1
1
1
3
2
3
4
3
197
1
2
232
1
1
180
9
41
15
2
268
3
1
49
1
39
1
276
20
1
1
35
282
11
3
1
1
1
1
1
19
1
1
1
6
1
3
15
4
1
1
2
1
5
1
1
1
35
3
2
1
236
2
1
1
2
1
1
1
13
7
1
8
1
7
247
1
1
1
1
1
51
163
1
2
187
1
1
44
1
2
39
2
1
1
130
1
1
2
1
1
1
7
94
2
2
3
2
1
1
1
5
1
2
1
4
264
2
1
4
2
2
7
1
2
1
5
1
1
1
1
1
26
1
3
13
1
1
14
1
1
7
1
40
2
1
1
31
3
3
102
1
1
1
1
1
119
1
1
1
50
4
103
172
194
1
1
1
5
1
31
1
20
1
1
19
2
1
11
1
1
1
1
1
1
1
15
106
16
1
1
5
99
2
2
1
10
1
1
1
1
2
3
1
2
1
1
2
7
1
1
1
2
1
1
1
73
1
19
1
4
143
1
1
1
181
201
1
9
2
1
1
1
157
98
2
1
211
147
1
1
6
1
168
1
32
1
3
65
2
1
1
1
2
3
53
55
1
15
1
1
3
1
1
6
2
15
1
3
122
60
4
1
15
1
1
3
1
7
6
1
161
119
62
1
1
6
1
1
133
1
3
1
1
11
7
1
49
1
1
1
1
1
217
1
14
3
1
3
1
31
359
1
24
2
143
1
2
1
1
2
1
4
5
1
1
1
1
1
3
1
5
28
1
12
13
65
7
134
31
1
96
2
1
15
1
1
2
2
2
203
104
196
1
1
1
1
1
42
1
1
3
5
7
1
20
165
16
83
4
217
1
2
10
17
153
1
5
1
1
1
1
144
2
2
84
1
2
1
24
10
1
2
7
1
1
1
1
1
11
1
10
5
3
1
1
1
4
3
2
4
1
1
1
1
1
3
169
3
2
17
1
4
3
3
1
1
2
1
1
1
1
1
143
1
1
19
2
1
1
2
1
2
1
204
3
3
163
1
191
1
1
145
1
227
111
1
1
6
55
2
2
11
29
1
1
12
4
2
7
1
13
184
1
160
1
214
103
2
6
78
7
2
4
8
2
12
31
77
2
70
1
1
1
7
1
184
200
1
1
1
1
2
1
1
1
122
115
3
4
31
139
111
9
1
1
7
2
1
1
1
1
128
1
2
1
51
1
292
1
4
2
1
194
109
3
1
1
11
1
1
1
3
1
82
2
1
218
3
1
1
27
1
1
1
1
2
34
269
13
1
1
3
44
2
1
20
1
1
6
1
15
1
218
1
1
3
50
1
20
1
1
1
5
1
1
1
12
1
7
2
2
1
1
10
1
1
1
1
1
33
1
3
185
1
1
3
1
1
1
2
186
17
1
11
93
1
2
3
1
3
3
2
1
1
6
3
2
2
20
2
1
165
2
1
1
3
81
6
26
186
1
2
1
56
1
2
40
1
1
1
1
1
1
12
12
1
1
251
1
1
3
1
2
1
1
114
1
4
2
1
1
1
1
68
4
1
6
1
1
1
56
192
1
1
1
1
1
1
1
29
3
1
3
1
2
248
1
1
1
11
1
2
1
4
59
58
1
5
1
18
153
1
2
1
2
295
1
1
1
1
1
4
40
2
1
1
1
13
1
25
1
1
1
1
7
44
1
1
1
1
86
2
1
3
19
63
1
1
1
5
2
1
146
9
6
1
1
19
1
1
2
1
1
1
9
2
188
41
30
4
1
1
3
3
6
1
1
7
2
1
2
1
96
1
3
2
1
7
2
1
11
7
6
3
2
2
1
1
2
1
1
3
1
8
237
46
1
1
1
18
3
1
1
112
1
1
39
1
322
1
15
18
1
2
2
1
1
1
8
7
1
