1
5
12
62
1
7
1
111
1
6
1
1
1
1
152
2
144
1
2
3
1
1
1
1
1
2
5
84
28
137
30
1
1
181
2
126
10
6
45
1
1
1
4
1
2
95
26
1
9
2
13
1
6
3
1
9
1
1
3
1
8
1
1
1
3
118
1
1
1
83
3
1
1
1
1
17
9
1
1
1
54
1
173
1
112
9
2
1
1
49
2
106
2
3
1
1
6
1
3
1
1
1
1
123
1
5
2
1
4
42
2
1
1
1
2
1
44
6
1
1
196
1
3
1
3
1
2
1
4
10
3
1
2
1
3
1
1
1
154
2
1
1
29
2
2
2
3
73
24
12
2
1
3
1
1
1
1
1
1
10
2
3
107
1
17
2
1
36
1
19
1
1
3
2
11
2
63
2
1
2
107
9
128
1
26
1
61
1
4
4
1
2
1
1
1
1
2
1
1
1
5
17
155
17
1
1
1
1
6
24
96
1
10
1
3
1
1
1
137
2
1
2
1
1
3
1
6
73
1
1
8
1
1
151
1
21
2
1
1
102
131
1
2
1
7
140
1
1
45
1
1
1
3
1
2
1
1
1
1
1
1
1
1
1
42
4
1
1
4
7
1
1
95
2
1
9
12
1
2
1
144
1
11
1
38
1
2
1
145
1
1
43
84
4
22
1
1
1
1
1
1
3
1
1
1
2
1
166
1
2
87
134
1
2
1
1
1
1
1
9
1
1
1
5
10
2
2
1
1
4
1
5
3
2
1
2
17
1
1
2
2
22
2
5
1
2
5
1
2
1
3
2
127
1
59
1
1
1
112
1
16
1
1
25
1
2
2
1
1
2
14
1
7
1
1
4
3
4
2
3
2
1
1
5
1
1
6
23
1
2
3
1
5
60
1
3
2
4
8
1
1
2
4
1
19
1
1
1
8
1
1
1
1
10
11
1
1
117
3
15
1
57
1
3
17
1
1
149
1
31
1
6
1
3
163
1
7
148
1
1
1
85
1
1
1
1
68
2
20
1
1
1
16
3
1
97
1
4
1
1
98
1
30
3
1
1
2
2
3
1
16
9
1
6
1
2
1
1
131
1
1
101
1
4
3
2
2
2
1
1
1
2
32
5
1
3
1
1
6
2
1
1
1
2
130
1
1
1
1
2
27
133
39
1
1
2
1
1
5
1
1
1
1
105
1
6
22
53
1
32
1
2
2
3
3
1
1
141
1
146
1
2
1
1
104
9
20
6
9
16
1
1
5
11
1
2
1
1
2
1
1
1
108
60
4
1
6
1
9
1
1
2
4
17
1
3
3
1
2
10
1
1
1
104
1
35
1
1
3
117
2
1
157
2
4
1
2
1
1
113
1
1
6
22
1
1
11
98
13
1
1
25
1
9
1
3
1
12
9
12
17
6
2
63
1
10
135
3
3
1
1
2
1
1
3
2
1
21
1
133
3
1
1
1
1
1
30
3
3
3
1
35
6
1
142
4
3
1
1
1
1
84
1
4
2
1
3
3
2
2
8
1
2
2
130
2
7
100
1
10
2
122
4
2
1
2
1
1
3
1
10
3
1
75
1
104
137
1
15
43
1
1
1
1
1
2
23
86
1
42
1
2
1
1
182
27
4
1
66
3
2
35
131
1
12
19
165
1
17
1
3
1
1
1
2
30
6
1
12
6
1
3
10
2
11
1
4
1
1
4
50
1
1
1
13
1
143
3
1
2
1
1
1
11
1
1
2
2
1
1
1
1
1
9
2
2
21
7
1
4
1
1
36
5
1
3
2
1
1
1
2
1
1
1
1
1
1
11
47
1
1
1
3
1
4
80
1
45
1
1
1
25
5
2
30
1
7
1
31
2
1
1
1
2
34
33
1
1
45
1
1
1
1
1
1
14
1
4
8
2
1
3
2
3
1
10
1
162
181
1
1
1
77
1
72
1
3
6
1
1
108
11
2
4
82
1
1
1
116
1
3
1
4
1
1
3
6
4
1
1
1
1
1
2
1
39
2
5
23
1
1
1
2
1
1
1
2
4
1
1
47
1
4
4
1
16
1
7
3
2
21
2
3
1
2
8
1
20
1
26
4
1
2
1
4
64
1
2
1
190
9
1
4
1
1
1
1
2
1
17
1
2
4
20
1
7
25
4
2
1
5
1
2
23
4
130
1
1
2
1
1
9
1
1
1
1
34
86
5
12
6
3
1
1
1
1
1
1
10
10
1
10
1
2
1
1
1
1
1
117
1
2
1
170
2
78
2
1
7
1
50
1
1
1
5
5
8
1
1
6
1
158
32
1
1
1
1
14
1
1
2
1
1
1
127
1
2
9
1
1
1
2
140
2
1
41
1
2
1
1
34
6
1
2
6
3
2
1
43
159
1
89
1
1
1
4
98
5
1
20
1
2
123
4
1
2
1
3
2
2
5
1
66
3
4
2
1
1
1
1
1
1
1
2
17
1
1
1
2
48
1
14
44
1
2
1
29
3
1
9
1
1
123
115
1
40
4
26
1
1
1
4
1
19
180
1
1
1
1
49
12
110
1
1
3
1
1
34
1
68
9
1
7
1
1
1
13
1
118
112
1
1
177
1
4
1
51
1
2
1
45
4
2
1
1
1
2
1
1
4
1
1
1
3
2
2
3
1
162
5
12
95
25
1
1
1
1
1
1
1
93
1
2
1
1
5
1
48
12
32
1
1
1
2
134
1
7
1
5
19
1
1
2
2
52
1
1
1
7
3
2
1
59
1
1
4
15
2
13
2
2
62
19
155
2
1
15
1
11
1
1
1
6
1
3
1
1
2
1
19
5
35
1
1
5
2
15
2
1
1
3
1
11
93
2
7
1
4
41
1
1
1
1
1
1
2
1
1
1
9
1
1
6
98
173
14
10
1
41
20
1
2
121
77
2
2
1
9
118
1
1
1
7
1
1
31
1
44
2
1
1
31
1
4
72
4
142
6
1
1
1
1
1
1
3
52
15
1
1
2
34
2
1
4
28
1
96
41
5
1
1
7
1
141
2
5
3
1
1
1
1
2
7
4
4
14
1
132
2
7
1
2
2
4
7
1
1
1
7
24
1
142
5
1
1
50
1
1
1
9
3
1
7
1
183
6
1
97
3
4
124
1
4
2
2
49
1
17
1
1
26
1
144
1
126
1
6
1
1
3
132
1
1
6
1
2
79
1
1
1
11
4
126
1
1
46
3
1
1
1
3
1
1
107
2
22
2
3
7
82
1
94
1
96
1
1
2
3
3
1
2
9
2
39
86
1
28
1
2
19
1
1
1
3
2
161
20
1
1
1
1
51
2
4
1
4
6
1
7
2
11
2
1
3
1
1
1
2
1
1
3
20
2
9
1
85
3
1
1
2
88
7
30
25
5
21
5
1
45
1
165
5
1
2
54
2
4
1
25
8
1
2
1
1
2
1
37
1
1
11
78
2
9
5
1
1
1
1
1
11
1
1
21
7
1
1
54
23
1
1
1
8
4
1
21
99
1
1
8
147
1
1
10
3
1
3
2
1
1
171
1
39
133
1
3
1
3
1
1
175
1
4
116
2
4
1
1
1
1
1
2
3
8
5
1
4
2
7
4
1
23
1
1
1
1
1
1
1
2
2
151
6
1
2
2
1
8
1
38
34
1
1
1
1
173
9
1
1
5
1
46
8
1
1
1
182
7
140
13
60
6
1
24
2
5
1
2
1
5
9
54
1
2
1
2
2
2
4
4
35
16
1
55
18
1
1
1
1
17
1
3
2
143
22
7
1
1
7
2
7
1
85
1
70
1
1
1
1
1
131
1
123
1
1
1
1
1
53
1
3
1
6
7
1
1
2
1
1
3
1
3
1
17
1
1
164
52
2
1
1
1
166
1
92
1
1
1
1
1
1
1
1
4
1
11
1
2
4
1
71
4
6
2
111
1
7
75
6
1
118
1
1
1
7
1
1
1
1
72
17
4
10
1
1
3
5
2
86
8
2
58
121
1
5
59
45
1
2
36
4
45
1
1
1
2
2
2
1
1
1
10
28
3
1
2
1
1
1
1
14
1
5
10
2
1
1
2
16
1
1
1
46
4
1
1
1
1
1
1
1
5
39
1
3
1
1
1
1
3
129
2
8
3
39
12
14
7
1
1
62
90
1
2
1
3
33
177
1
1
2
6
1
1
2
54
2
1
1
1
1
5
104
1
2
3
19
1
1
1
2
107
144
1
8
14
3
1
51
6
1
107
25
1
1
1
1
14
24
142
2
6
18
64
3
1
23
38
12
7
141
13
8
7
4
1
17
128
1
3
1
1
2
3
1
1
1
5
2
1
1
2
1
1
4
1
105
1
2
1
1
1
1
1
1
17
1
3
1
1
2
1
1
2
2
7
13
2
35
15
1
3
20
2
4
22
10
3
1
1
6
5
2
112
39
24
10
63
2
2
2
26
1
14
2
2
1
1
1
7
112
1
2
2
1
7
34
2
1
1
1
1
4
1
1
2
30
1
1
1
117
154
3
45
2
15
17
2
58
1
1
1
3
4
1
2
22
1
2
2
1
2
1
1
1
1
2
1
1
1
21
3
1
2
1
1
1
1
1
5
19
1
1
1
32
1
2
10
1
1
1
3
1
48
12
1
22
1
3
1
5
1
1
1
1
1
2
1
20
7
4
6
2
1
3
1
1
1
1
64
1
2
1
1
29
2
3
1
1
1
1
1
1
3
1
1
9
9
2
1
2
1
13
1
166
6
2
4
119
135
4
212
36
1
1
1
80
15
31
102
5
5
9
2
1
1
1
1
1
4
1
116
1
1
92
26
1
1
4
1
131
2
2
13
1
1
1
1
1
1
1
71
1
1
6
3
1
7
1
120
3
1
4
1
1
1
1
1
83
1
6
170
33
1
106
1
3
1
1
1
110
2
1
2
2
1
1
1
1
2
1
1
1
1
1
1
1
1
1
11
1
52
1
92
1
1
1
1
33
1
140
30
157
114
1
3
1
1
2
2
1
4
1
3
115
8
2
4
1
1
62
4
2
1
1
1
18
1
2
3
1
1
8
18
1
1
3
83
12
32
159
1
1
1
1
1
2
1
9
2
185
1
1
1
1
11
1
1
1
6
4
3
1
2
20
1
1
90
1
1
67
2
2
3
1
9
1
1
1
1
3
1
1
5
1
2
2
36
3
1
2
1
10
28
1
1
1
1
1
2
6
1
1
1
91
1
4
6
1
1
3
1
2
2
4
92
1
4
52
1
3
1
1
56
1
1
1
1
1
1
26
1
1
2
151
1
1
1
2
1
93
91
13
1
117
5
3
15
1
18
3
1
1
1
6
1
1
145
9
6
21
29
1
2
3
5
39
109
2
1
1
35
1
1
3
136
1
3
1
6
85
5
1
118
1
2
32
1
1
2
4
1
3
1
1
1
1
1
2
1
1
1
1
1
3
1
4
3
1
2
1
130
1
1
2
36
113
21
26
1
2
2
1
1
1
4
4
2
13
1
5
1
1
1
59
1
13
2
7
1
15
1
3
3
1
1
1
10
2
1
1
1
195
141
50
8
1
30
8
1
1
67
9
1
1
1
1
1
192
138
2
2
1
10
3
1
1
1
1
2
9
2
1
19
6
16
3
1
2
6
49
1
36
1
4
3
1
2
1
118
2
1
3
2
1
2
1
1
1
3
4
1
4
1
1
1
96
1
1
29
1
1
8
3
1
36
1
4
1
3
7
2
1
7
6
11
1
3
1
132
1
6
1
5
1
2
1
4
155
1
64
34
5
2
26
1
4
1
2
57
3
3
1
1
34
7
156
1
1
3
2
1
2
1
1
1
160
36
3
1
1
1
2
1
1
164
1
4
2
1
2
1
1
1
2
25
1
86
175
23
2
1
177
1
2
1
3
1
1
1
1
1
115
2
8
55
59
2
1
2
1
164
1
1
4
1
2
1
2
1
135
1
85
3
104
139
1
3
1
25
46
1
1
1
1
1
1
1
1
1
5
102
1
4
4
1
72
2
131
14
2
5
2
7
1
9
8
7
2
1
1
1
1
2
15
1
1
1
3
66
1
1
7
1
1
1
9
1
1
1
54
29
1
11
9
3
3
87
1
4
2
187
158
3
1
3
14
1
2
2
1
81
6
2
2
1
125
1
3
1
4
1
1
1
1
121
7
2
55
2
1
108
1
26
7
13
1
144
23
2
2
1
2
1
1
3
1
1
2
2
137
1
71
1
1
1
3
6
1
1
34
1
3
2
1
1
10
2
1
9
4
6
3
1
170
1
1
4
1
1
1
20
7
2
14
2
1
36
1
1
22
2
28
7
1
1
1
1
1
6
78
8
2
2
1
1
112
1
2
34
138
140
2
50
1
1
2
8
1
1
6
1
8
1
140
138
3
1
96
1
1
16
1
2
1
1
1
1
105
1
1
1
2
1
22
59
3
4
3
1
4
1
1
3
25
1
1
10
1
2
2
1
1
85
79
2
1
9
72
5
1
22
8
10
26
1
1
9
1
1
1
37
1
1
12
87
1
3
2
9
2
1
1
166
1
3
159
1
17
10
2
1
1
2
1
2
16
2
1
23
1
1
2
1
1
1
4
1
1
4
1
1
1
9
3
1
4
1
18
1
1
67
1
1
10
3
2
1
119
1
4
2
4
1
1
2
33
12
2
1
1
1
4
1
124
8
6
2
21
2
3
1
1
1
1
1
1
1
1
1
77
36
1
1
101
3
1
1
145
1
1
5
1
1
27
2
70
1
7
1
1
15
3
3
1
44
1
1
1
1
4
1
1
1
2
1
1
30
1
4
83
1
1
1
1
2
1
2
90
123
2
93
132
2
195
1
13
1
2
1
5
119
31
90
5
1
30
6
4
4
1
1
12
102
15
1
2
1
159
1
13
1
1
1
11
22
3
7
1
2
2
20
1
89
1
1
1
6
1
1
45
153
108
58
4
2
20
1
3
1
1
1
32
3
1
1
6
24
4
1
24
3
1
2
1
1
1
3
83
5
1
1
1
1
150
2
1
35
4
1
6
1
9
14
2
102
1
1
4
2
1
4
15
3
6
1
6
44
11
1
85
139
2
29
46
6
26
1
1
1
3
2
184
1
1
1
1
1
1
5
1
2
1
10
1
1
19
9
1
1
79
120
2
37
23
124
3
3
5
162
2
57
78
1
7
14
1
1
21
2
4
1
17
5
1
1
1
1
3
1
3
1
19
1
1
1
1
1
28
2
138
10
27
21
1
4
92
1
2
1
1
43
1
1
4
14
1
1
28
5
2
1
1
122
3
1
2
3
1
1
2
1
1
1
1
3
159
1
1
1
1
1
1
152
1
96
8
1
9
140
1
94
7
3
7
36
1
1
1
169
1
2
8
1
3
1
1
1
1
3
1
26
1
1
2
123
5
3
83
3
1
81
1
1
1
148
1
1
1
1
1
1
2
3
38
12
1
36
1
4
1
1
64
9
1
54
2
2
1
1
162
1
60
1
1
23
14
3
13
16
2
3
1
1
117
192
1
2
124
165
1
1
1
7
1
1
1
1
2
1
38
1
155
115
105
1
1
6
3
11
65
2
4
2
41
84
1
143
20
9
71
4
1
1
4
2
1
21
1
1
3
1
1
2
2
1
1
4
7
6
5
1
142
89
2
1
1
2
9
1
5
1
1
1
2
1
6
7
1
1
53
3
1
1
1
1
17
160
9
1
1
1
4
1
1
1
1
1
2
1
1
2
7
28
1
1
1
3
1
1
1
1
1
1
1
119
207
159
1
1
27
1
1
2
4
1
1
20
1
16
1
1
5
1
2
1
1
1
1
1
10
1
126
1
4
2
1
1
6
1
1
133
1
2
1
1
14
1
1
1
1
1
1
16
5
86
2
1
1
9
1
1
4
1
1
180
4
1
1
25
1
1
52
2
1
5
9
1
2
1
1
95
4
1
4
1
1
1
3
20
1
2
123
126
23
6
10
53
5
61
3
2
1
1
23
53
10
12
1
9
3
2
29
1
1
115
1
2
1
1
1
1
2
1
1
6
1
42
1
1
18
1
1
1
3
2
1
1
6
1
180
1
43
2
1
1
2
1
112
2
4
3
26
11
1
1
23
103
1
4
8
1
3
1
2
1
6
3
1
1
1
2
1
1
1
1
73
1
1
3
1
1
15
2
1
129
2
1
4
2
1
1
1
