422
431
351
385
1
376
345
2
1
461
388
4
3
6
1
9
379
343
429
1
1
1
1
424
300
1
2
357
4
2
1
8
388
1
401
13
1
390
4
272
4
3
339
392
1
1
383
1
1
462
2
1
1
346
3
368
3
1
2
1
1
1
377
4
428
1
1
1
1
335
20
1
328
421
1
4
2
380
1
1
1
1
400
430
2
429
1
2
1
1
1
411
4
357
1
396
7
1
1
11
3
353
367
412
411
2
1
398
398
423
10
10
1
1
380
2
1
1
393
348
147
404
1
1
409
1
3
1
383
354
4
378
1
392
264
397
1
398
1
401
1
364
389
2
1
1
365
1
1
1
383
1
312
1
4
7
1
1
462
1
1
1
4
2
452
423
2
353
349
412
4
3
360
438
2
404
4
1
444
8
366
411
370
2
2
1
3
2
1
379
4
395
1
1
1
1
8
1
1
402
341
1
1
1
6
3
3
3
348
323
1
1
2
374
1
2
400
2
403
1
1
3
337
1
8
1
3
438
422
6
329
394
1
405
1
404
10
5
2
1
1
1
405
425
398
1
2
430
1
1
443
394
27
3
1
1
1
1
418
1
3
1
1
329
1
1
1
396
1
1
5
7
1
336
429
1
274
2
1
1
1
1
1
1
1
1
7
2
468
454
5
400
1
353
411
1
1
379
312
386
1
420
3
1
448
379
1
1
1
12
1
2
324
380
1
1
2
1
4
4
2
2
3
1
1
328
375
1
364
1
2
1
454
420
1
1
1
409
328
2
2
428
398
5
2
423
1
2
1
363
4
1
1
1
1
2
392
1
1
366
1
377
361
425
423
425
2
357
354
1
2
6
420
4
414
394
2
1
3
421
3
1
353
1
1
2
416
1
394
418
1
2
1
1
371
325
1
7
1
330
1
1
435
417
1
317
385
424
1
3
1
3
1
431
401
1
415
6
1
1
451
377
273
388
1
2
6
365
383
11
1
1
1
1
415
1
372
1
1
1
1
1
3
336
1
1
380
4
1
3
2
342
369
1
386
351
1
344
1
392
2
1
2
4
6
13
376
365
1
1
1
394
1
380
1
4
409
293
3
14
1
7
5
1
6
427
1
2
378
41
3
1
1
387
401
1
447
1
5
2
428
1
429
381
7
23
4
1
1
12
350
486
1
1
1
464
1
436
402
1
1
425
1
16
2
428
7
407
4
350
418
1
359
1
3
1
177
2
1
437
1
337
393
403
3
2
393
1
1
5
364
1
338
1
1
326
1
392
372
395
1
1
1
406
2
1
2
433
428
1
1
2
1
1
1
5
1
2
25
1
429
2
427
2
4
1
1
1
439
268
15
1
6
4
5
403
2
343
2
1
2
393
1
352
1
1
2
2
1
1
4
1
404
1
2
11
1
446
5
8
1
1
1
1
1
361
3
404
413
1
1
314
1
330
405
1
1
1
418
1
1
461
4
1
373
469
2
393
425
372
456
419
1
1
385
360
1
333
7
10
356
381
1
1
398
1
2
1
258
364
1
378
1
9
1
2
1
358
367
1
324
1
1
1
3
381
320
33
2
11
3
472
354
400
1
3
366
408
1
1
432
354
1
1
425
1
1
1
1
1
1
366
1
10
1
457
3
1
1
1
339
344
1
424
14
399
1
374
353
1
334
2
372
1
1
3
1
1
1
322
1
391
339
2
2
3
268
3
468
1
1
386
1
16
1
6
409
2
1
1
1
1
2
4
380
4
1
1
389
366
1
2
1
363
1
406
1
1
1
350
383
1
11
360
1
1
4
66
1
410
7
1
1
417
1
1
423
374
1
14
370
4
1
445
432
434
408
2
1
413
1
1
371
1
1
2
299
386
342
1
2
2
1
1
1
5
5
328
1
1
3
387
1
10
410
394
17
394
19
1
1
1
267
415
1
319
408
1
4
1
299
1
3
430
1
3
402
9
367
1
1
2
381
2
1
340
1
2
2
367
277
1
8
1
1
440
433
417
11
1
1
7
429
8
464
397
7
2
473
458
23
419
2
3
364
476
2
5
1
2
1
1
1
412
2
402
1
1
1
426
2
2
32
1
2
1
386
326
394
1
417
1
402
1
1
3
1
24
3
3
5
1
2
318
1
406
1
14
1
1
2
1
1
436
3
1
390
1
350
348
376
422
334
370
166
15
1
2
1
2
1
1
1
1
2
1
363
11
340
3
1
376
384
391
1
2
1
2
1
1
385
1
15
405
37
384
5
1
414
1
417
1
14
413
1
1
408
488
453
3
432
315
2
1
384
394
1
2
392
1
1
425
343
1
1
1
1
1
380
364
4
6
394
1
55
374
1
393
2
1
362
2
4
428
1
1
1
414
365
2
341
11
350
1
3
430
398
2
1
416
416
1
6
3
404
1
1
396
326
1
2
1
441
2
1
366
1
340
337
402
1
3
397
1
369
3
2
1
1
372
13
1
3
1
4
370
433
412
2
1
327
2
1
1
1
2
4
438
408
434
368
1
460
5
3
371
330
1
1
1
8
5
1
363
373
1
1
1
396
344
1
373
11
2
4
343
1
433
1
1
324
1
5
1
1
404
1
308
3
1
1
262
379
414
1
4
320
380
1
1
1
2
331
1
367
405
1
22
368
408
2
1
1
407
11
410
1
393
1
1
1
3
1
17
1
378
1
428
6
6
416
345
374
1
354
1
403
3
1
412
430
341
419
1
2
430
343
398
6
2
1
382
2
423
431
438
458
261
1
1
12
1
8
2
444
393
1
375
8
1
1
437
1
1
1
370
11
367
1
4
4
1
408
2
294
1
1
6
356
1
359
383
1
347
1
337
371
1
1
1
2
1
423
1
409
1
1
5
2
1
1
1
1
1
1
1
1
443
1
437
1
1
1
336
1
440
1
277
373
4
1
1
1
1
1
1
1
4
3
1
1
1
302
344
5
1
408
1
362
3
435
367
1
1
1
364
1
1
1
1
425
391
1
1
1
1
38
1
5
1
1
416
1
3
9
8
363
1
1
368
323
1
406
3
353
2
408
1
363
415
363
436
419
430
1
2
2
17
1
1
2
2
375
2
4
2
1
371
413
394
31
1
1
77
400
1
8
430
217
5
1
10
3
318
398
3
1
1
381
401
416
454
421
2
26
310
400
8
374
1
5
1
399
281
1
420
1
1
372
1
3
400
2
394
1
438
356
1
1
442
1
412
1
1
1
447
1
1
1
1
368
411
1
3
1
389
390
1
2
1
1
366
415
390
3
1
348
477
1
403
1
417
1
1
393
1
386
2
375
467
1
1
3
1
1
421
2
2
1
1
346
372
1
12
1
5
1
2
397
380
451
1
1
2
2
2
1
396
331
385
1
287
1
306
372
338
4
1
1
1
12
1
384
404
361
1
1
1
1
1
1
1
379
1
336
2
1
1
1
355
5
399
1
312
2
1
1
1
371
1
16
1
393
1
399
411
1
1
12
421
3
365
335
1
2
402
1
418
422
2
449
1
320
413
330
356
415
2
1
3
351
1
3
445
309
1
313
6
2
1
4
414
449
2
1
8
3
1
359
366
4
408
1
1
1
4
10
445
2
371
399
1
1
1
1
10
1
426
2
381
333
2
1
2
1
1
3
419
326
2
2
430
3
422
2
1
1
387
1
414
6
2
4
436
387
380
7
1
453
393
1
7
411
1
399
363
3
1
1
1
13
1
2
5
1
3
355
8
2
1
427
1
427
202
1
12
3
1
13
8
3
1
2
2
1
4
297
1
8
2
1
1
377
3
1
1
2
4
388
1
1
415
395
317
425
2
1
406
1
234
1
1
1
378
1
424
370
448
7
6
1
4
345
1
3
3
1
1
1
380
25
258
1
3
359
1
316
1
395
1
3
1
427
396
387
5
2
1
4
388
3
380
6
1
1
3
361
413
1
410
400
1
1
2
424
386
1
401
422
1
421
3
1
413
1
1
333
387
412
347
4
415
1
357
392
2
1
397
5
1
346
1
312
394
1
1
3
1
2
1
403
308
2
2
376
431
473
1
403
2
413
404
385
1
1
1
1
1
9
355
2
348
1
314
1
1
2
1
1
409
426
1
1
1
3
1
429
359
1
1
2
2
363
1
404
1
411
3
360
1
1
413
1
416
364
332
370
3
1
1
1
1
1
1
1
30
20
5
321
7
4
2
1
2
4
9
1
426
442
3
423
1
225
1
419
2
375
12
415
2
380
378
374
1
2
1
1
1
365
6
327
24
1
4
1
2
454
1
1
1
437
2
396
2
413
1
1
438
279
1
6
342
315
1
1
1
399
1
402
5
424
378
1
1
1
1
5
7
421
1
413
1
2
12
339
452
1
2
14
1
307
9
1
379
3
443
2
359
350
328
1
1
1
281
1
346
361
2
1
1
4
1
5
429
409
381
4
1
394
1
3
387
426
2
1
1
1
419
141
333
318
1
428
1
2
4
4
1
344
1
380
1
2
2
2
1
1
480
1
2
415
1
402
442
327
385
407
433
3
390
479
4
1
449
1
1
313
8
1
1
389
372
1
421
1
1
310
432
2
1
1
1
1
439
1
1
1
3
5
1
357
5
1
1
270
2
3
423
386
380
5
1
1
4
1
1
363
492
1
1
1
321
400
389
2
2
1
363
1
310
395
414
400
396
323
2
5
1
381
6
377
434
5
335
415
418
416
17
407
367
399
412
416
2
3
1
1
1
2
1
1
449
1
1
1
3
5
362
327
1
400
2
387
386
2
355
2
9
411
2
1
2
1
374
2
358
1
5
471
5
2
4
356
385
383
387
1
383
431
1
1
411
1
4
2
10
11
397
401
2
371
402
1
4
285
14
12
1
1
1
1
371
1
1
30
1
1
1
1
429
1
1
435
1
362
1
2
3
10
409
283
2
430
4
418
1
393
363
1
337
381
2
1
350
444
17
1
3
1
376
1
1
4
396
2
441
406
2
2
1
427
1
1
460
316
355
3
1
3
1
7
371
2
462
436
324
393
464
430
36
1
4
419
404
1
350
356
3
7
2
1
1
346
393
392
2
1
1
2
1
340
9
372
2
1
1
392
411
380
1
1
455
1
403
5
381
8
345
401
1
2
1
1
1
1
319
1
362
1
1
3
396
386
411
343
399
3
2
1
1
366
1
334
4
408
387
2
2
390
1
355
492
1
2
1
1
1
376
1
175
369
445
1
1
14
376
433
1
419
1
468
1
308
1
1
2
1
25
6
1
1
4
2
396
347
1
8
435
5
1
419
422
367
398
1
453
2
421
1
333
363
1
7
424
387
301
1
2
1
329
1
3
450
8
7
27
360
1
2
1
1
1
424
3
2
438
1
451
4
1
363
397
1
405
458
1
4
1
1
443
1
15
386
319
5
2
1
1
376
337
374
1
1
2
1
2
377
7
1
343
366
369
4
1
416
2
3
1
103
4
371
1
400
372
352
430
1
3
5
1
3
334
1
1
1
350
1
1
1
1
362
6
1
1
370
1
1
1
1
1
22
8
1
504
1
397
1
1
8
402
379
1
347
7
357
8
372
1
1
380
1
1
447
381
1
390
1
4
3
390
1
359
377
370
335
383
1
363
407
2
371
381
442
279
414
363
2
1
404
1
1
1
390
1
1
406
425
1
3
2
445
332
423
1
2
367
1
10
439
1
392
1
1
362
395
244
1
1
465
411
407
1
3
1
1
3
8
1
361
405
351
1
1
1
1
1
464
1
7
358
20
329
1
351
429
422
1
361
1
1
378
386
1
1
1
2
1
1
417
1
2
1
2
1
1
2
338
1
27
373
363
3
360
339
5
1
1
2
1
414
3
1
367
408
328
1
1
1
386
1
1
1
1
398
359
346
1
407
385
7
28
460
417
1
1
1
4
12
375
2
1
18
1
1
17
1
360
392
422
392
467
1
1
24
1
386
2
2
1
408
1
372
1
1
2
1
400
1
1
1
6
411
417
385
3
2
2
5
1
409
3
452
1
1
1
7
10
1
2
7
24
472
346
317
1
404
2
3
1
1
4
1
284
386
1
391
412
402
351
1
13
2
6
1
1
421
1
2
392
3
1
1
3
375
1
443
1
386
7
1
333
443
1
1
386
383
395
1
455
1
5
1
1
390
1
2
8
412
1
1
338
1
1
1
1
6
1
3
1
394
4
1
1
1
1
3
1
1
1
381
1
450
4
452
3
1
418
1
336
1
428
413
336
1
347
1
1
5
1
374
13
1
1
26
6
1
1
1
2
386
2
368
2
1
347
2
315
381
333
1
417
422
469
331
1
1
2
2
216
2
1
1
3
462
1
1
1
1
2
1
369
297
2
14
422
1
1
3
373
426
2
1
1
1
1
3
3
407
397
362
326
366
1
362
1
349
411
14
400
437
384
2
1
416
1
380
4
403
334
2
1
353
3
427
1
1
7
2
407
416
2
1
389
1
409
390
1
431
14
387
84
1
1
1
1
435
367
2
432
2
1
1
1
2
1
2
1
1
1
3
397
329
1
365
1
384
381
5
394
2
356
1
1
73
1
384
4
336
1
351
5
403
349
342
1
437
1
407
1
349
1
1
1
1
14
413
378
367
403
378
2
1
37
2
2
3
1
393
1
413
1
337
49
1
427
352
407
1
1
348
3
11
363
389
306
1
457
1
2
1
6
1
1
9
396
4
371
303
1
4
1
1
1
2
1
1
2
2
381
1
296
3
3
1
376
365
386
1
1
5
362
3
393
3
1
461
1
463
363
392
234
1
1
16
1
1
10
374
414
1
367
2
1
1
368
1
333
398
431
1
1
1
426
366
1
1
409
1
2
431
1
1
3
1
1
1
389
1
348
354
1
1
1
1
5
407
387
4
2
1
1
344
1
1
1
1
1
455
1
1
1
377
1
5
8
437
400
1
387
430
1
3
1
1
3
439
1
1
2
426
1
373
352
5
350
440
1
1
1
1
2
3
384
1
448
393
1
412
4
402
377
8
409
1
405
364
1
1
1
15
5
2
1
409
1
1
1
1
1
1
1
331
418
13
1
3
394
392
448
1
372
1
1
436
1
407
2
464
2
1
390
18
5
365
1
347
439
1
1
1
1
1
378
1
1
1
1
5
6
422
359
416
4
427
459
419
1
1
1
15
1
7
5
1
1
1
339
1
2
1
1
430
415
1
1
1
332
254
378
368
344
6
1
415
436
5
28
3
1
1
1
1
1
376
383
1
1
1
1
2
1
2
3
2
8
1
397
1
1
1
365
1
1
383
5
2
465
1
1
1
450
346
362
1
13
1
400
380
1
1
404
468
405
1
1
2
1
344
396
359
1
1
401
411
424
2
1
3
1
1
2
5
1
360
390
1
1
2
398
4
1
1
3
314
402
15
1
1
1
412
1
2
401
408
1
1
400
1
2
1
408
28
347
1
2
1
448
2
1
1
1
387
369
413
1
1
2
3
371
1
370
2
337
369
1
427
391
372
450
411
1
5
1
2
405
1
470
1
1
426
410
1
1
393
2
338
1
1
346
445
285
2
8
1
6
402
420
448
1
5
347
1
397
1
3
427
357
1
3
6
4
1
2
1
372
374
1
438
1
424
323
1
5
1
4
3
1
2
388
409
1
3
6
1
373
7
1
1
1
384
4
2
1
9
1
379
396
371
390
4
1
377
1
10
1
362
1
390
1
2
334
1
474
409
1
1
1
1
1
1
13
375
394
415
1
1
391
3
1
1
400
6
7
1
1
1
1
398
1
2
1
1
423
421
318
1
415
5
352
383
383
462
1
356
254
1
346
357
399
1
