74.3256939787
117.135398449
134.632371762
116.510470941
92.9874372417
87.7728218578
124.612732575
93.619053134
112.832557119
78.5805299266
136.031728612
134.938164786
73.7063773612
103.463418563
83.7164864927
90.3716553247
95.224793189
119.479351206
106.320029528
144.234870531
93.6248223793
123.175073315
102.258938949
81.1966628158
131.287088472
82.3222203473
105.220833348
77.5372077781
95.7421030655
89.0008561792
109.885889158
128.867852332
102.582178322
81.1352840624
132.001625828
130.571255494
131.152717525
111.676446767
110.09962864
86.2269072251
100.662352893
158.173822593
97.0642074835
90.9933172914
103.09810731
87.3339127805
80.0296962656
115.20931405
147.552647929
94.6496479604
93.5633686624
75.4853279827
88.3917313417
102.254946822
105.522161875
120.108725847
106.704455388
97.0228025132
91.5470657577
107.26875578
103.290662719
67.3975398402
85.7214109399
99.1242482367
87.6454653315
82.5708783067
129.232261291
96.1732672149
97.4556839376
119.842894041
98.6133243759
105.966662051
102.021021272
76.2252951763
133.873315868
91.8844620385
68.8168775267
93.0120276939
105.46776383
149.405518038
87.0339702422
91.4996926435
99.5990776252
114.757771375
152.70365965
96.6783679244
79.5551414553
123.736936236
85.8493259485
109.946079326
133.192298597
108.192953871
105.74960182
134.457373092
90.7215925932
79.121865182
82.141920803
115.259193183
103.907191699
77.8073093685
