treeNum trajNum nleaves height origin
1 7 111 70.2967609535 70.7819559088
2 15 152 107.067207759 107.577920216
3 17 144 120.356063335 125.421226224
4 31 137 108.050075053 108.359527392
5 35 181 66.1700456246 75.0522465984
6 37 126 92.3269654295 94.9476156774
7 68 118 81.4015290406 81.6162974531
8 86 173 96.250154082 98.9996513986
9 88 112 114.800465319 114.925550096
10 96 106 67.7005330993 75.0215466763
11 108 123 78.1201911131 79.7978522663
12 126 196 77.7387004684 77.7588090594
13 148 154 63.9262147931 66.0115936981
14 175 107 92.1122902038 93.7036816845
15 194 107 100.730913357 103.024913007
16 196 128 49.7549702506 51.9784679441
17 219 155 79.2968034561 86.0211032688
18 236 137 79.528160563 81.8921799924
19 251 151 67.87166775 74.5335158992
20 257 102 79.2284469501 80.6501957534
21 258 131 80.0401404932 87.9633692973
22 263 140 95.722706366 96.4114869409
23 301 144 84.7381204834 85.8357279284
24 309 145 81.6382183748 81.952831133
25 330 166 109.510985035 109.791255939
26 335 134 73.8149857123 78.3884836673
27 380 127 69.1534529972 70.6608911089
28 388 112 102.825422595 103.468671829
29 454 117 66.4782142095 68.3982809375
30 464 149 111.108329287 111.524754423
31 474 163 50.5589373289 57.9117399271
32 477 148 79.8455040073 83.1508817162
33 519 131 84.8946897726 85.3632957914
34 522 101 60.1664384629 60.2183093552
35 547 130 82.2684778558 82.7303329969
36 555 133 66.9355169552 70.0622266175
37 567 105 39.9670995843 41.2006663563
38 581 141 72.4785050311 76.7928402801
39 583 146 72.2432474861 73.5032470823
40 588 104 61.8010551751 67.9531293281
41 606 108 83.8765626825 92.8810722559
42 629 104 49.3332558914 51.0771994163
43 635 117 77.26923815 84.7471751654
44 638 157 102.021046418 104.051263374
45 646 113 46.3859022211 46.5573906281
46 675 135 68.5705235826 69.1938362988
47 694 133 143.002853747 144.572091667
48 712 142 53.5372178966 53.8150208031
49 735 130 109.838694199 113.143847355
50 738 100 81.5288267564 83.2988775613
51 742 122 57.7710729754 57.8781152805
52 757 104 72.9766437861 74.2102551818
53 758 137 79.4164262238 80.9205140119
54 776 182 91.3910907661 93.5107312029
55 785 131 65.5267871445 68.3694639689
56 790 165 95.5309201954 97.7540625984
57 820 143 90.958516273 92.3758430643
58 926 162 81.9919806482 83.4023624518
59 927 181 103.108272605 105.044727201
60 941 108 83.1739497784 84.8758592528
61 951 116 62.2169068478 62.6954376408
62 1016 190 96.5689802932 109.656659444
63 1044 130 68.4000387949 70.7376407456
64 1082 117 61.4694209658 62.396356961
65 1086 170 86.3124498738 87.738234876
66 1109 158 60.399580061 60.5080059795
67 1124 127 77.3352824455 78.4370580961
68 1134 140 122.480816809 123.005618812
69 1153 159 90.3237831085 93.3814157996
70 1166 123 91.5158336555 92.2022475846
71 1208 123 54.3309497221 58.278167272
72 1209 115 61.1763033774 61.8614750328
73 1221 180 129.755313628 130.619174911
74 1231 110 62.913441666 63.8308506102
75 1249 118 80.3142916639 82.9743723946
76 1250 112 71.6622454242 81.3781196278
77 1253 177 66.6194413373 66.8140849553
78 1281 162 133.486342036 136.089693505
79 1310 134 74.2216906004 76.6283232083
80 1343 155 70.9148081852 73.5534814269
81 1402 173 99.0966123936 100.630565863
82 1410 121 50.1626088337 55.5404927527
83 1418 118 70.2804370803 76.1929037996
84 1437 142 75.2656907617 76.5148779004
85 1470 141 90.2101322074 91.6281561776
86 1490 132 89.4012011662 92.4235149464
87 1504 142 96.5304096604 98.1446078061
88 1517 183 115.761603997 118.025592232
89 1523 124 50.0296446864 51.7044479442
90 1535 144 64.2829661368 67.7474850393
91 1537 126 94.2927690483 96.5496072953
92 1543 132 41.9589712998 45.3802258746
93 1556 126 99.8659492549 100.60008266
94 1568 107 96.9773324856 97.9902419473
95 1602 161 48.3195469839 48.9157972005
96 1649 165 94.0012095248 94.8481353859
97 1700 147 68.5168716405 70.0147288477
98 1711 171 96.7084597682 97.5557740634
99 1715 133 56.3170434574 64.9677807937
100 1722 175 99.503517729 99.5852612212
101 1725 116 96.048261568 96.2878268366
102 1755 151 59.6006204131 59.8726550126
103 1770 173 80.4758441569 84.8808478719
104 1783 182 86.8147131046 95.4196103002
105 1786 140 90.8989949044 91.2735903128
106 1824 143 70.2794893161 72.5391142818
107 1845 131 60.019357045 63.4100426408
108 1847 123 76.7489079891 81.9160364235
109 1874 164 95.1218588101 97.151458207
110 1880 166 112.932499962 116.116388049
111 1903 111 64.3025709302 68.1693033686
112 1909 118 78.0836682007 82.0432345541
113 1931 121 89.5729174648 97.4967402716
114 1997 129 84.1121120728 87.8163984936
115 2016 177 103.842444453 106.520390353
116 2034 104 56.1382514027 56.2460515187
117 2044 107 61.3790537894 61.5345766779
118 2045 144 105.196083449 108.863185969
119 2055 107 58.4778270385 60.9399450475
120 2063 142 76.6891923094 79.4121118017
121 2076 141 69.515934378 69.9303918425
122 2084 128 46.7953918872 47.1349303209
123 2105 105 44.6223446796 45.4324424908
124 2145 112 109.669491395 109.700466584
125 2163 112 68.9423672572 70.8758801617
126 2183 117 64.7669784815 72.8800347976
127 2184 154 51.7531681669 52.104280882
128 2300 166 66.7300363839 66.8945976369
129 2304 119 95.2929312631 101.194345649
130 2305 135 65.3619321175 70.8253857598
131 2308 212 127.672385249 131.814688592
132 2316 102 53.5529119925 55.4120746926
133 2331 116 93.9537975494 95.8161375087
134 2340 131 70.5559273789 72.2933208954
135 2362 120 84.6839744002 85.5116514425
136 2374 170 97.5619849338 100.579014429
137 2378 106 54.5408788965 58.41071821
138 2385 110 77.5561642846 78.8959925189
139 2417 140 60.4476639556 61.286316272
140 2419 157 62.2701507556 63.0970308477
141 2420 114 102.579663088 113.106267219
142 2431 115 80.620791191 82.8265550479
143 2460 159 87.4482779658 94.2047407808
144 2471 185 105.599277652 106.367011295
145 2559 151 114.90363998 116.080840824
146 2572 117 65.9169232245 66.8094312303
147 2585 145 82.5027559288 83.0502562133
148 2595 109 62.6240860188 65.388847029
149 2605 136 85.2708911578 86.9613582759
150 2614 118 50.1227699018 50.2636089399
151 2648 130 83.7225770558 86.4564096402
152 2654 113 72.2769433163 72.3457142014
153 2691 195 102.850205755 109.823053331
154 2692 141 119.457017134 119.533549409
155 2708 192 108.281543339 112.741465584
156 2709 138 100.965302881 105.143759899
157 2743 118 77.7633849559 78.9172368561
158 2784 132 79.3893771271 81.3638218937
159 2793 155 73.0433666932 75.3824710377
160 2812 156 93.221121386 95.0965419865
161 2825 160 117.285051635 121.875591491
162 2836 164 63.6784317535 63.7320873571
163 2850 175 93.6229634204 95.2521177426
164 2855 177 82.2962996863 85.9378790711
165 2868 115 67.3594181846 69.7062131599
166 2877 164 98.3304870263 98.9851226655
167 2886 135 80.2501088431 81.4943410382
168 2890 104 87.8673060477 90.493079663
169 2891 139 129.384857985 130.333527113
170 2908 102 84.6974858288 87.964141526
171 2916 131 65.7108378087 69.342374187
172 2962 187 81.157401476 81.4324581904
173 2963 158 77.1097161775 77.3856322115
174 2977 125 44.0556103154 45.5517571433
175 2986 121 115.333885014 117.509843231
176 2992 108 62.6593789355 64.9555488234
177 2998 144 69.2535060004 70.3278213717
178 3013 137 74.1586565416 74.380399143
179 3038 170 110.403342048 116.818216657
180 3073 112 52.5404696375 52.7699997183
181 3078 138 119.356688348 120.643688319
182 3080 140 152.030024369 153.206713073
183 3096 140 82.0062614945 84.3306829277
184 3097 138 60.1658021857 62.0536389251
185 3110 105 54.5895968087 60.1992772617
186 3172 166 86.9922025314 87.5297474147
187 3175 159 113.352963299 118.278232258
188 3223 119 104.922466136 105.999003688
189 3239 124 67.7460563482 72.7684594266
190 3264 101 52.7331061995 53.2917121584
191 3268 145 99.6310173919 99.9603608379
192 3320 123 55.2322258065 58.0956364896
193 3323 132 84.6046693977 84.7269953759
194 3325 195 79.1759096513 79.3526957756
195 3336 119 63.7938217254 63.8686287218
196 3349 102 57.4601119898 57.6879913219
197 3355 159 121.508438075 124.186466861
198 3380 153 99.2511665682 100.184981752
199 3381 108 107.770027005 109.916483992
200 3419 150 61.9024781715 62.0472746527
201 3432 102 76.1345654918 81.6986753798
202 3450 139 107.143867089 110.140947951
203 3461 184 100.294725716 101.127970733
204 3483 120 64.5091304951 66.9977229181
205 3488 124 49.7694775892 50.0699432204
206 3492 162 80.6608582373 81.3852435151
207 3525 138 97.5170448046 97.7849384556
208 3548 122 77.0404909987 77.3673759672
209 3565 159 59.8007982914 65.7956147759
210 3572 152 74.2039852723 75.9342631012
211 3581 140 127.087520242 128.564789613
212 3594 169 78.0906588778 78.5255247663
213 3611 123 68.3339368138 69.1688282966
214 3622 148 93.8033117688 95.7708728483
215 3655 162 76.1082138777 79.6480240185
216 3671 117 72.0590675586 73.5430898321
217 3672 192 109.319082854 110.8505893
218 3675 124 74.6159831631 78.9615866461
219 3677 165 127.832057239 128.604581289
220 3693 155 83.8034469916 89.6337815575
221 3694 115 107.554974048 108.275502075
222 3695 105 57.4393073253 62.1478208414
223 3709 143 71.1427815224 73.0061492619
224 3737 142 82.3591916754 84.5337923917
225 3765 160 106.000616531 111.586303196
226 3796 119 79.9941701271 81.3977308605
227 3798 207 98.2362135213 100.200149101
228 3799 159 83.8330665257 91.2760920187
229 3826 126 63.1737829928 63.8678132274
230 3835 133 104.859650139 106.201434262
231 3860 180 49.6978251677 52.3288537296
232 3891 123 65.7905477626 66.4248008168
233 3892 126 88.2293584173 88.2777974767
234 3916 115 74.6987135384 74.9744435463
235 3942 180 96.3622502743 98.2979672718
236 3952 112 48.9886244625 49.0784083843
237 3962 103 65.3066429678 69.4922974714
238 3992 129 60.3997883163 60.6792538814
