treeNum trajNum nleaves height origin
1 0 422 78.7724939137 79.4370658396
2 1 431 65.3739676199 67.4730039644
3 3 351 114.806423767 115.128801628
4 4 385 60.9791762988 61.1315880156
5 7 376 72.8833193118 74.1118525354
6 8 345 104.828190096 105.146173767
7 12 461 73.5686830262 73.6678760916
8 14 388 76.4947281152 76.7586905449
9 20 379 64.1506387425 67.7049460279
10 21 343 84.1336064184 84.1699200235
11 23 429 73.8478398049 76.4546009195
12 29 424 87.1186248541 88.149346231
13 30 300 87.1232844766 93.663558583
14 34 357 65.4970795484 68.5051867398
15 39 388 70.5162349545 73.1312871312
16 42 401 70.2758550748 74.7780132025
17 45 390 76.4346556829 80.0447869907
18 47 272 68.7280590431 72.2440225767
19 51 339 45.3153713028 46.1679022847
20 52 392 73.5835047535 74.5441635953
21 55 383 85.0631837722 87.9269528611
22 59 462 60.9524477382 64.3374230532
23 64 346 64.2730387845 67.7208928189
24 66 368 65.971942197 69.0233506478
25 77 377 86.0150341153 88.6413556776
26 79 428 71.6085055919 73.8336912231
27 85 335 68.6185692747 69.9449312459
28 89 328 94.4829537269 95.877044918
29 90 421 80.5154163291 80.9221444981
30 94 380 67.0154189101 68.3515542994
31 99 400 49.5003680132 49.6179505051
32 101 430 74.0943002002 78.1878971315
33 103 429 72.1456622359 73.084144525
34 110 411 79.2293323673 80.7494390487
35 112 357 67.9434092968 68.827416323
36 114 396 61.8850480084 62.042854734
37 121 353 64.5038502906 65.1718578039
38 122 367 94.658183943 96.9339659721
39 123 412 61.7105913391 62.225525918
40 124 411 120.536221602 122.018628484
41 127 398 92.2839781191 92.4783830657
42 129 398 80.3574835065 80.4581379809
43 132 423 57.384808566 61.031818186
44 139 380 77.7671329236 79.985128373
45 143 393 70.0968042304 70.1079631166
46 144 348 74.4012625716 74.8916583544
47 145 147 55.4397752167 63.0648176837
48 146 404 74.0669505498 75.7143473289
49 151 409 87.3272753664 95.3142559973
50 156 383 69.6667538683 69.7743407073
51 157 354 87.2223048818 89.882216892
52 159 378 85.3838708907 85.4422026225
53 162 392 71.523785879 71.6318890242
54 163 264 65.2277641394 65.2623059901
55 164 397 84.6208506358 84.8572028887
56 166 398 75.4015726814 79.7428271672
57 168 401 55.3195429576 56.3850894302
58 170 364 96.3618645416 97.5310486342
59 172 389 88.7583810107 89.396753003
60 178 365 73.7397201218 74.4618707448
61 182 383 81.9246189925 83.2420012855
62 185 312 66.4302932074 68.8186975365
63 194 462 91.0737471238 92.3389200071
64 202 452 69.3040205215 72.5635073117
65 203 423 95.904767702 100.274188622
66 205 353 89.9907902782 91.7763658725
67 206 349 75.1700200053 76.5828744956
68 207 412 75.7420163006 79.8506504856
69 210 360 90.0868589585 91.0198560004
70 212 438 55.3622712178 55.4248644233
71 214 404 61.120186797 61.4240376546
72 217 444 73.1965895303 78.2440319322
73 220 366 55.9572368049 56.5071574576
74 221 411 113.054759268 114.388328487
75 222 370 72.4962686655 76.1436113053
76 233 379 79.224820187 81.0569989841
77 237 395 84.7064818461 85.9860808539
78 245 402 71.6474027707 74.3971125258
79 246 341 44.8397860916 47.211054836
80 254 348 101.20512947 101.255374143
81 255 323 78.2539913191 79.2506732399
82 259 374 87.0820036909 88.0836094865
83 262 400 85.9968503098 86.0030840398
84 264 403 88.9253299966 90.7805566285
85 269 337 103.563075133 104.424414081
86 275 438 59.1197229672 60.6615991646
87 276 422 73.8578701966 79.6602479416
88 278 329 72.3344034824 72.3360709568
89 279 394 80.5326701855 82.7207428975
90 281 405 69.1778048698 69.4649190791
91 284 404 104.353081228 105.996643209
92 291 405 68.1010939109 68.497070171
93 292 425 68.4312796813 68.7560157066
94 294 398 70.3529220631 72.4822073541
95 298 430 60.8388536311 61.7184110462
96 301 443 72.3598972147 75.2885583894
97 302 394 68.9725291974 69.7584530822
98 310 418 55.6431849777 56.296558765
99 317 329 70.5241901754 70.578299902
100 321 396 52.5158348791 52.7663400465
101 327 336 71.8910448931 73.9157722207
102 329 429 93.3237093756 94.5046849494
103 331 274 55.9680114839 60.4315107909
104 344 468 63.0610546586 63.3484637093
105 345 454 86.6248724145 89.4078823745
106 348 400 71.6106759684 71.7561456241
107 350 353 87.5455405782 88.5915090956
108 351 411 70.4051024072 70.7211787078
109 355 379 51.7204011513 55.0458639065
110 356 312 70.8366665892 73.0427509124
111 357 386 68.2944842046 69.0052404159
112 359 420 72.7758782183 73.3669320839
113 362 448 56.9963681138 57.055591966
114 363 379 78.0067147801 78.348886386
115 372 324 121.445252033 122.571670143
116 373 380 47.2342834563 47.6882065106
117 387 328 80.6151523719 84.2823761869
118 388 375 65.1730951037 66.4161310308
119 390 364 82.6852599956 83.9334536908
120 397 454 67.5972996391 67.7118840343
121 398 420 90.0753395797 91.8366991048
122 402 409 60.2737012793 62.5019243457
123 403 328 66.9439799569 69.6354510371
124 406 428 94.1020906622 95.3606019915
125 408 398 88.1766459087 88.7718760131
126 411 423 67.7603491897 68.9215655441
127 415 363 91.9926792115 94.2638476699
128 423 392 101.508530978 103.188815051
129 426 366 69.7235606503 70.0493101256
130 428 377 59.5948455494 62.8900445943
131 429 361 82.1070514325 83.0212739262
132 432 425 78.2938932363 78.5094968113
133 433 423 86.2308927537 93.7999975029
134 434 425 87.9578809422 89.716197606
135 436 357 118.064879884 123.301837308
136 437 354 69.2515764258 70.4993954847
137 441 420 76.1040264057 76.2540731858
138 443 414 79.0558546191 80.1698810352
139 444 394 62.7816939218 63.5104276971
140 448 421 92.0580773858 92.9105370706
141 451 353 94.1950391637 95.5802636477
142 455 416 74.7369678054 75.3005348232
143 457 394 83.4211148655 85.957976255
144 458 418 76.0280138848 77.924890392
145 463 371 78.3982578983 78.9215622293
146 464 325 52.0755072557 52.2344199323
147 468 330 72.9367801026 73.3013015608
148 472 435 81.4187900037 82.5410928675
149 473 417 61.0216088416 61.4760646372
150 475 317 53.761075485 54.5745886377
151 476 385 58.8204053485 59.6519599905
152 477 424 72.5924815208 72.882115363
153 483 431 74.1284724946 74.6654461213
154 484 401 58.3793360998 59.1471881877
155 486 415 81.8691761225 82.5937236729
156 490 451 63.1195745072 63.964478383
157 491 377 79.3577121836 80.0160002526
158 492 273 93.3232440403 98.7925246977
159 495 388 65.8554568253 70.4167032455
160 500 365 78.227385385 80.779779924
161 501 383 59.0512577605 59.0894350888
162 508 415 77.8028986904 79.0423844893
163 510 372 97.074517429 98.9569336347
164 519 336 84.6379003065 85.8479963033
165 522 380 60.3866173509 60.5435177626
166 527 342 65.3342250729 65.5928384503
167 528 369 78.2816142043 78.4042662343
168 530 386 117.408694468 117.538163613
169 531 351 74.407584781 75.1772215167
170 533 344 55.5246950252 55.6444946008
171 535 392 61.6683623433 66.5295859771
172 542 376 60.2205913548 62.4894182933
173 543 365 94.6499843735 94.729131997
174 548 394 74.8333589593 79.3376471008
175 550 380 60.3251258377 61.343362673
176 554 409 58.6712271155 59.4168277392
177 555 293 126.974863608 127.082954874
178 565 427 69.2809090477 73.2820955007
179 569 378 83.9642087874 85.0809204415
180 574 387 69.8778459437 72.626590986
181 575 401 54.9358287893 57.1746778791
182 577 447 68.5666492324 69.5969148154
183 581 428 62.6393914374 62.9961073879
184 583 429 72.9764928446 77.8448563953
185 585 381 73.9138217108 74.3946277418
186 594 350 87.6534291044 90.6498070682
187 595 486 63.4103482796 63.8182683536
188 600 464 69.6203251371 70.8627936519
189 602 436 85.1387904783 87.7667384044
190 603 402 68.2487339098 70.0776159969
191 606 425 57.4040101019 57.7046174529
192 610 428 58.4511250085 59.5438394911
193 612 407 91.7465988677 92.1532494824
194 614 350 74.0434127224 74.0943980119
195 615 418 58.0511027329 58.9135573384
196 617 359 78.3893024812 78.5471083184
197 621 177 55.501782535 59.1230337467
198 626 437 56.6098965941 58.4548665571
199 630 337 133.07704386 134.719412625
200 631 393 123.416526076 123.711787159
201 632 403 79.2911324952 79.4036066943
202 635 393 69.8634775203 72.5714401847
203 639 364 88.532929253 90.8602952957
204 641 338 77.4540556523 78.5485006584
205 644 326 69.9472802445 73.3234785791
206 647 392 101.180033054 101.971943203
207 648 372 71.9911047313 73.5501011777
208 649 395 62.855916499 62.8762107688
209 654 406 82.0883869664 83.6394425571
210 658 433 94.3833073391 95.3476786034
211 659 428 78.2650034844 80.7233734935
212 673 429 85.5615390228 86.5329173067
213 676 427 76.0106124247 76.8517935022
214 682 439 48.0035997858 51.2966030973
215 684 268 64.7967243447 68.0893079385
216 691 403 48.9788406006 49.8751089385
217 693 343 84.6842962947 87.5905574546
218 698 393 107.467262302 107.476022905
219 700 352 78.2362222971 81.8873817484
220 709 404 57.1083393824 57.3061012138
221 715 446 71.9109177627 75.2617220973
222 723 361 72.409694374 72.622354356
223 726 404 75.6296074962 79.8889592717
224 729 413 48.878916356 49.8931435176
225 732 314 70.7948043423 73.2808036061
226 735 330 72.5341372418 75.561557242
227 736 405 45.5828825771 47.106209433
228 741 418 62.1422132265 63.2041040965
229 745 461 63.1529085976 64.0499290021
230 749 373 104.700817064 104.912369892
231 750 469 79.2135752018 85.1241905006
232 752 393 75.1064375994 77.7139664935
233 753 425 67.4352089044 67.8104967979
234 754 372 95.8016174035 97.1033613866
235 755 456 98.7334667212 98.8742327886
236 756 419 84.6661216038 87.7015355761
237 760 385 69.2930306865 72.7707967911
238 761 360 52.3050025935 53.3634091539
239 763 333 74.6441807488 74.7485345709
240 766 356 47.4332025365 48.1343361894
241 767 381 72.5087375736 75.1518650652
242 770 398 102.686334363 103.714114587
243 775 258 56.380194991 56.6989884639
244 776 364 96.4806006737 97.5669041701
245 778 378 77.9441059828 80.3895393639
246 784 358 97.582652968 97.761835361
247 785 367 91.8211231534 94.1579940371
248 787 324 72.1749684507 72.5188694791
249 792 381 74.3687747884 74.7690267534
250 793 320 106.411244068 108.179695157
251 799 472 72.8699763565 78.0681707473
252 800 354 80.6723464407 81.5807432867
253 801 400 68.9007716394 69.0870577092
254 804 366 87.7241621769 87.8038680171
255 805 408 74.490435347 74.5142264613
256 808 432 51.6744445775 52.73796521
257 809 354 95.3516768331 95.8973148056
258 814 425 62.4091440185 64.133779985
259 821 366 77.2330465928 77.2834525226
260 827 457 60.8550165503 61.062554864
261 833 339 62.3386076756 63.2312111789
262 834 344 106.772711155 113.12669445
263 837 424 64.9986344143 65.3721713783
264 839 399 57.7150501657 57.7579047843
265 841 374 93.9245668246 96.6605346408
266 842 353 66.0772517652 70.3226813993
267 846 334 73.2800986694 73.5117990248
268 849 372 59.5196347621 61.2233858313
269 857 322 54.4140654448 56.3972794079
270 860 391 55.3726159177 58.0685581382
271 861 339 99.7496179151 100.375404584
272 865 268 80.7996562084 84.4986652412
273 867 468 67.332812995 67.5974693577
274 870 386 74.8399272276 75.5314377294
275 875 409 91.0842025063 91.1695527696
276 883 380 96.7655763462 100.054787791
277 887 389 67.5611730505 67.7827492806
278 888 366 64.5333441078 67.4710061855
279 892 363 86.0459267326 86.4055429012
280 895 406 92.7189355394 96.0990279808
281 899 350 78.1323306125 78.5845031333
282 900 383 82.5638846037 82.7490674129
283 904 360 54.8923683717 54.9517040487
284 910 410 77.2490640725 77.2691128619
285 916 417 65.8814061209 66.1704973771
286 919 423 64.8388466088 69.2714813787
287 920 374 94.3491300462 95.3075152803
288 923 370 60.3161049402 60.7958001236
289 928 445 59.7978382483 62.4031905877
290 930 432 74.9178990744 75.5860599241
291 931 434 61.9206858468 62.1508244586
292 932 408 92.2516355772 93.6638411503
293 935 413 57.9780760432 58.1344315198
294 939 371 55.7294196566 55.9966876593
295 946 299 102.569103678 103.330744247
296 947 386 79.5746240382 81.5864912429
297 948 342 70.1273397777 72.5130352106
298 958 328 46.9177389109 47.8813315092
299 963 387 117.836509079 120.959587676
300 966 410 83.4197315872 84.8639920131
301 969 394 73.0847218791 73.1800501595
302 972 394 83.9842493088 86.8032492506
303 978 267 83.3240897355 83.9285340559
304 979 415 94.2942513657 96.5826878196
305 981 319 96.9356618447 97.557030003
306 982 408 64.8828176752 64.9604571702
307 986 299 63.2567503411 65.1386586262
308 990 430 70.4600704346 71.0873101182
309 993 402 83.0049788521 83.1506466899
310 995 367 69.7271350203 69.8241025653
311 999 381 49.7161541138 50.9855844959
312 1002 340 74.4017606692 74.5350422718
313 1007 367 69.000259314 69.3585613086
314 1008 277 55.3018879132 57.6141220936
315 1015 440 88.9769537379 89.2479642438
316 1016 433 87.124051721 89.091398352
317 1017 417 62.2868587495 64.8787831368
318 1022 429 82.3235398892 84.4740797972
319 1025 464 59.152061113 59.2254187412
320 1026 397 88.7026394571 95.637337018
321 1029 473 51.6343711973 59.7822926587
322 1030 458 69.5563646628 73.2580950364
323 1033 419 55.8947313601 58.2803104845
324 1037 364 72.9656483676 75.1473976691
325 1038 476 49.7183467479 53.6047910723
326 1047 412 46.5534749239 47.9084339211
327 1051 402 92.7506846265 94.5050103045
328 1057 426 62.8747197204 64.0618250464
329 1064 386 86.0845194914 86.2592760477
330 1066 326 82.4479490887 82.9600161577
331 1067 394 69.1398520774 70.0476309671
332 1069 417 53.3680138489 53.5510093341
333 1071 402 88.9456888944 89.5791748384
334 1082 318 74.6666117017 74.8420271057
335 1084 406 74.9733021481 78.5295906686
336 1093 436 59.1947984393 60.4644748774
337 1097 390 60.5232255583 61.2289030163
338 1099 350 72.6169265034 72.9648462696
339 1100 348 96.7780211 97.3003801012
340 1101 376 95.1177845706 97.4926185274
341 1102 422 72.806472855 75.5729414522
342 1103 334 102.019375322 102.425050369
343 1104 370 54.2130007648 57.5925955858
344 1105 166 76.0369124482 78.8573034589
345 1119 363 69.1754334016 70.6190446959
346 1121 340 72.2298375223 73.0529722781
347 1124 376 86.2558277904 86.850024895
348 1125 384 63.2748082159 63.6609622993
349 1126 391 96.5441833558 99.5908625074
350 1134 385 62.5358656509 66.9732773155
351 1137 405 63.2431974282 64.6405396415
352 1139 384 61.586355471 62.5863497331
353 1142 414 71.9201332681 72.9115106756
354 1144 417 49.4041170188 49.4806436833
355 1147 413 83.1125057924 89.0596380968
356 1150 408 58.6155931942 59.3080698317
357 1151 488 66.093695967 70.8068834159
358 1152 453 64.0399000273 64.7040673795
359 1154 432 57.1140948745 64.1278836685
360 1155 315 59.5854816602 60.6863885682
361 1160 384 58.2945770132 58.8908063075
362 1161 394 66.5632553494 66.7004858325
363 1164 392 64.8698700716 67.6829754355
364 1167 425 101.359864362 101.848034948
365 1169 343 73.2489491069 75.2978408456
366 1175 380 65.6680757496 69.2826760531
367 1178 364 68.0022370422 69.9597732943
368 1183 394 57.3730129945 58.2559226188
369 1186 374 114.287926104 114.357377799
370 1188 393 60.7895230899 61.1162187255
371 1192 362 58.4616168644 60.7870654636
372 1195 428 81.2303599903 83.7101729194
373 1199 414 84.7168766501 84.9314150037
374 1200 365 149.948273931 152.070326476
375 1202 341 79.8625117274 86.0780059219
376 1204 350 71.9330074127 74.7763745174
377 1207 430 68.2018346662 69.8972232764
378 1208 398 98.831144902 99.6919867764
379 1211 416 69.5523632945 70.0420069944
380 1212 416 89.6226706238 89.6739949921
381 1216 404 92.6088694381 93.8126597358
382 1219 396 57.1889629862 57.4968462516
383 1220 326 60.6459406507 60.6460315529
384 1225 441 87.4528641002 88.9758192
385 1228 366 68.2209818937 70.1748230291
386 1230 340 89.6309112841 90.9485313621
387 1231 337 64.6238168703 65.6128376987
388 1232 402 80.4908149773 81.5527756144
389 1235 397 59.8058065185 61.9283877384
390 1237 369 81.6633510989 82.7400193507
391 1243 372 96.6218499532 97.3764850348
392 1249 370 57.0464392288 59.766568496
393 1250 433 62.3810834533 63.089666376
394 1251 412 61.2179321773 61.2382258656
395 1254 327 74.4878801237 74.6160140583
396 1262 438 59.2661528245 59.8682178833
397 1263 408 104.948951328 106.014608758
398 1264 434 74.5957045009 75.9191077373
399 1265 368 68.7355104016 71.7287780436
400 1267 460 76.6386136479 79.3099826267
401 1271 371 55.9653833991 57.1038831586
402 1272 330 77.4063733219 79.9849551626
403 1282 363 63.1533303364 64.5169567617
404 1283 373 54.0451240233 54.469529448
405 1288 396 68.7155704164 68.8980855949
406 1290 344 88.7681111569 89.9332675663
407 1292 373 69.1575058499 70.5137171284
408 1296 343 77.9593085073 78.7697975564
409 1298 433 56.4695097418 56.8269331467
410 1301 324 77.8383639683 83.2462255715
411 1306 404 89.9191089838 90.4251440596
412 1308 308 80.5487808288 81.8386742371
413 1314 262 61.7090446319 61.8276777354
414 1316 379 67.5325650797 68.3057739214
415 1317 414 61.6644310776 63.6349484176
416 1321 320 53.4534650576 55.2231495852
417 1322 380 102.438048259 102.602324402
418 1330 331 60.5973716588 61.9440347086
419 1333 367 63.7736210566 72.6871905033
420 1334 405 60.0366081029 61.7678013361
421 1337 368 98.0676212472 98.9295813533
422 1338 408 64.6888772847 65.2229203398
423 1344 407 87.4333302608 92.3571262987
424 1346 410 74.257891866 74.5982788816
425 1348 393 104.610317978 104.82113468
426 1358 378 76.0100668777 76.4300195156
427 1360 428 79.8914267029 80.1570573434
428 1363 416 90.4397230446 90.8252129899
429 1365 345 57.9180433145 59.8765509525
430 1366 374 88.2452264721 88.9689476352
431 1369 354 79.7433436485 80.7013989762
432 1371 403 61.4550782563 61.9753632209
433 1375 412 55.0406525319 56.9639819686
434 1376 430 100.227621772 100.559034609
435 1377 341 84.5992436794 84.9215708594
436 1378 419 48.8275696491 53.3418515597
437 1381 430 57.8928276036 62.9950167011
438 1382 343 89.7486257922 89.8850543333
439 1383 398 102.324206749 107.458510921
440 1388 382 54.1988860974 56.1776761134
441 1390 423 54.6829985071 55.4867414239
442 1391 431 84.4176151873 84.5393356532
443 1392 438 72.6068411352 73.3779348758
444 1393 458 61.6655244625 63.0178307679
445 1395 261 59.3841425227 59.3905844498
446 1404 444 58.5352874677 59.2738895279
447 1405 393 64.1326110532 65.8378350646
448 1407 375 78.5784271583 80.6373798482
449 1412 437 86.4535091558 86.4764232616
450 1417 370 105.824593522 106.330329735
451 1420 367 59.5286425332 60.6416741127
452 1426 408 65.3549712891 68.91674264
453 1428 294 83.0019922708 86.019637161
454 1433 356 128.596790559 128.811292972
455 1435 359 50.6497335041 50.8605913219
456 1436 383 81.1204087196 84.4018222611
457 1438 347 68.5748577899 68.9900518357
458 1440 337 112.165541938 112.278818914
459 1441 371 86.3222447614 86.4262858578
460 1447 423 64.7021016434 65.5033307335
461 1449 409 84.3214425965 87.0387744859
462 1465 443 62.0315784291 62.1955619293
463 1467 437 63.5810518408 65.1705409497
464 1473 336 65.1210045531 67.093935034
465 1476 440 81.1967218122 82.2294917669
466 1478 277 90.1584002055 91.8353499394
467 1479 373 80.7082924438 84.0448761534
468 1495 302 76.0878608973 82.3109349563
469 1497 344 56.0045416237 56.88003157
470 1502 408 71.7591808598 72.4310900483
471 1504 362 84.6579741047 88.3416171799
472 1506 435 57.7768048946 57.9767704849
473 1507 367 93.2601282644 93.7794376077
474 1512 364 73.6947289058 75.7069812245
475 1519 425 56.4022632513 57.0860746837
476 1520 391 59.2737024252 59.3232911322
477 1532 416 83.1426872754 83.2873305994
478 1538 363 69.6266116116 72.6539555262
479 1542 368 86.2532984465 89.7443504914
480 1543 323 89.6797840164 90.5221157617
481 1545 406 67.0393267212 68.0904365213
482 1548 353 100.667329714 104.38552169
483 1550 408 73.4255355755 76.1729849073
484 1552 363 54.7431462364 54.8083680777
485 1553 415 81.2074156648 81.5187042782
486 1555 363 57.5668736662 58.9263314251
487 1556 436 92.9184876585 93.142431889
488 1557 419 81.2821788512 83.5867725218
489 1558 430 91.1667017694 91.2454305273
490 1567 375 95.1091087959 96.2725952861
491 1573 371 74.2469086573 76.168468972
492 1574 413 97.3897656141 98.6703019118
493 1575 394 71.6386659416 73.6158750593
494 1581 400 55.1390476029 56.8117601737
495 1584 430 68.3081148017 72.1479562001
496 1585 217 69.4538640594 71.8037645314
497 1591 318 77.4392704757 77.6084120753
498 1592 398 68.2723594713 68.7257275765
499 1596 381 57.4580707989 61.2827272132
500 1597 401 79.7193788869 79.9602522821
501 1598 416 60.9608991744 61.2973785363
502 1601 454 69.5976884328 69.7943632562
503 1602 421 62.6824344255 64.0162421022
504 1605 310 76.2612973667 76.3996653359
505 1606 400 85.8338845418 87.3941491818
506 1608 374 55.6176755423 58.6895656977
507 1613 399 58.8197127465 63.5777278362
508 1614 281 99.3477775164 101.185858783
509 1616 420 101.630126479 102.281769384
510 1619 372 68.4772999854 68.9005395965
511 1623 400 62.4271235772 67.0930869877
512 1625 394 61.786971252 62.3408886866
513 1627 438 70.5979383561 71.6737248758
514 1628 356 65.2312058025 65.5060513846
515 1631 442 86.6021684043 88.4314201488
516 1633 412 76.8289042379 79.0124775896
517 1637 447 63.5321553364 64.0363242977
518 1642 368 74.2149161102 76.0091598379
519 1643 411 68.6526211335 69.9161796865
520 1651 389 52.1246622125 52.9898649848
521 1652 390 79.266460837 81.2527929552
522 1657 366 62.3045207092 62.6734486347
523 1658 415 82.643829196 87.4309228819
524 1659 390 60.361000543 60.8442684928
525 1662 348 70.6846637669 71.553459786
526 1664 477 57.1728741608 57.3594595767
527 1666 403 52.8138090037 53.4774107991
528 1668 417 79.7974865139 81.4203497629
529 1671 393 67.3879626716 70.9940583304
530 1673 386 73.1332503491 73.306996436
531 1675 375 58.6782810567 60.0886691448
532 1676 467 59.1752116098 60.1337516717
533 1683 421 78.1242775 79.7443418861
534 1688 346 83.5431516886 84.004128313
535 1689 372 84.5756210833 86.8370546376
536 1696 397 71.2631442143 72.481854277
537 1697 380 70.6545452235 73.2363246693
538 1698 451 67.0518142088 67.715942388
539 1705 396 59.4893075435 61.3724545906
540 1706 331 59.0332450183 59.1124567127
541 1707 385 69.1577995246 70.9605252075
542 1709 287 73.7637175917 74.513880475
543 1712 306 64.1243324997 64.6662475757
544 1713 372 66.9214352803 70.8808992599
545 1714 338 88.5710244256 90.1697398421
546 1721 384 68.2301982059 69.3312944335
547 1722 404 59.415031421 60.2665736571
548 1723 361 71.8139095267 72.6723473311
549 1732 379 93.6500099784 93.7695127438
550 1734 336 72.2867259817 73.6056290034
551 1740 355 120.0682179 120.914845911
552 1742 399 94.9678531238 95.7984773352
553 1744 312 59.4727570235 60.989762206
554 1752 371 83.6630941163 84.5588021168
555 1756 393 79.761966802 83.7338630686
556 1758 399 65.3796198731 65.3920562452
557 1761 411 65.3710212128 66.7995605697
558 1768 421 64.2225866361 65.5038963744
559 1770 365 54.5703136387 58.4263818346
560 1771 335 97.1174138217 101.1817835
561 1774 402 65.7536543744 68.1609417777
562 1777 418 87.9085519325 88.4803870718
563 1778 422 80.2286311982 80.6087098341
564 1780 449 84.2476024007 84.4370998875
565 1782 320 67.6901206328 67.7973288111
566 1783 413 63.0972458833 64.7230997994
567 1784 330 54.4904107347 57.1442852088
568 1786 356 84.5933975495 89.489693534
569 1787 415 74.2365705128 74.5750721134
570 1792 351 56.4620386485 56.7209236162
571 1795 445 93.3491455741 94.9241235097
572 1796 309 61.0415864799 62.9623261302
573 1799 313 80.0946743776 80.8020115143
574 1804 414 68.8133824234 69.3476258739
575 1805 449 53.8669814055 54.7292551245
576 1812 359 61.6958362571 63.6112327202
577 1813 366 69.0287305793 69.7820983882
578 1816 408 73.4015509991 73.8227431227
579 1828 445 61.2191987398 61.7488531332
580 1830 371 87.3022396272 89.0259379213
581 1831 399 75.5863177307 75.6200599334
582 1839 426 91.2940859408 95.3049788762
583 1841 381 77.2594690913 77.3119710204
584 1842 333 70.0167552645 71.5508608235
585 1851 419 54.8484250111 55.6674080907
586 1852 326 60.9403741423 62.59323617
587 1856 430 69.7012234015 69.7439274519
588 1859 422 63.7927871727 66.4922394289
589 1863 387 53.3442117873 56.0515178143
590 1865 414 76.2071891142 78.3578522949
591 1869 436 57.5169832475 58.4347412176
592 1870 387 65.5505945069 70.3502175368
593 1871 380 53.0687725495 57.8724039175
594 1874 453 62.6464165185 63.0153489472
595 1875 393 66.0355179825 68.0556210715
596 1878 411 61.0399819897 62.9449905258
597 1881 399 68.5625013878 70.354474304
598 1882 363 48.0470026575 50.3143840332
599 1899 355 67.9037221238 68.2330124068
600 1904 427 79.7977665223 81.1581649445
601 1906 427 66.9560479317 67.9818127568
602 1907 202 99.5782182389 102.430730648
603 1921 297 95.0820391064 95.0913144346
604 1928 377 70.2825902643 72.5415014623
605 1934 388 81.9784697153 83.1420139153
606 1939 415 52.9317841191 53.8689672311
607 1940 395 79.1898927725 81.2152726439
608 1941 317 63.7430556413 66.274555447
609 1943 425 72.941786155 73.0609477131
610 1946 406 59.995363911 63.9350681984
611 1948 234 56.6592711624 57.454796089
612 1954 378 64.3492015577 66.058157451
613 1957 424 67.1450722175 67.288305611
614 1958 370 88.3948878763 92.5990105852
615 1959 448 57.7254380927 61.4119123963
616 1964 345 53.2012561458 58.6439393439
617 1971 380 68.2932582151 69.1127922062
618 1973 258 53.9236093065 56.2280400255
619 1978 359 95.2548877877 97.9812057952
620 1981 316 63.9086572319 63.9428165294
621 1983 395 80.3429341839 80.4168277485
622 1988 427 91.797400142 93.5082411826
623 1990 396 66.8350106561 67.5622361568
624 1991 387 96.5473985268 99.5487575707
625 1997 388 88.195124102 89.6990853343
626 1999 380 46.3460898751 46.4077388996
627 2004 361 81.2835538003 82.6002000772
628 2005 413 79.6472236127 83.1451957456
629 2007 410 89.2034733196 91.67752952
630 2008 400 58.1360496194 58.9902907907
631 2014 424 123.460174485 125.527337221
632 2015 386 76.8767461054 77.2550730925
633 2017 401 78.8617055437 79.1377697404
634 2018 422 133.058865082 136.983608283
635 2020 421 66.6031295686 66.9972072407
636 2023 413 61.3793652854 63.0301951112
637 2026 333 65.2907606123 66.3562053739
638 2027 387 71.5770867873 72.1075017868
639 2028 412 71.5269486897 72.0833730211
640 2029 347 83.5952687214 84.2214790499
641 2031 415 55.6336427413 57.0408601049
642 2033 357 84.958122146 85.0441129143
643 2034 392 71.5019451952 71.7801570869
644 2039 397 77.6619060483 77.7093688738
645 2042 346 64.7625941093 65.6123858149
646 2045 312 63.326610487 63.6460510304
647 2046 394 90.6858236945 93.0200303744
648 2053 403 65.7150843504 66.2985996258
649 2054 308 100.639988929 101.778645783
650 2057 376 69.8432171165 70.7356954562
651 2058 431 79.0863277541 79.897568318
652 2059 473 83.1332823327 89.6110340824
653 2062 403 78.8048322272 80.0600608857
654 2064 413 75.0048075458 77.8903827619
655 2065 404 58.0962950199 66.7204695159
656 2066 385 63.9292173089 65.7279474434
657 2074 355 56.5753067217 56.8463776013
658 2076 348 103.774161395 109.994374121
659 2079 314 70.1030538476 70.2145555182
660 2088 409 69.9525247348 73.8398022973
661 2090 426 98.3383634633 98.4647095877
662 2097 429 111.166589486 112.248533995
663 2099 359 84.9903856142 87.0351206499
664 2104 363 64.0605128648 64.360248351
665 2107 404 56.5637522018 56.958711288
666 2109 411 58.2820756729 60.6277614353
667 2111 360 62.0021062034 64.1724875254
668 2114 413 71.2919753459 73.2610250224
669 2116 416 92.784335512 97.3970345184
670 2117 364 67.8970811797 68.1692892413
671 2118 332 85.3208075142 85.7094528262
672 2119 370 77.2851150541 79.1201844894
673 2132 321 148.490037687 150.665231324
674 2142 426 51.6982330392 52.9045945167
675 2143 442 74.5069570058 74.8569309008
676 2145 423 71.7039818432 72.5519784106
677 2148 225 49.2378797669 49.9072192202
678 2150 419 72.7799695369 74.7491134477
679 2152 375 115.159831774 115.916202396
680 2154 415 72.8987488287 74.6516964391
681 2157 380 59.3325597342 60.9848008877
682 2158 378 72.2670811191 72.8263544618
683 2160 374 66.3356081809 68.0354004021
684 2167 365 71.5921311272 72.6443032648
685 2170 327 101.284484012 101.297184989
686 2178 454 75.9207001963 76.5162169404
687 2183 437 64.989016078 65.8151051372
688 2185 396 73.3647174923 73.8053112411
689 2187 413 90.9282807959 93.0625809833
690 2190 438 75.1833441224 77.8540789978
691 2191 279 81.0251318776 84.0789130061
692 2194 342 66.8535554968 68.1309881942
693 2195 315 68.0915005691 72.0386169136
694 2201 399 74.274795178 77.8101877641
695 2204 402 68.9615009573 70.6904841419
696 2207 424 64.3462113763 65.1880822818
697 2208 378 89.6055092353 90.2280028558
698 2216 421 80.6691164562 81.280733546
699 2218 413 59.6560123836 60.8573830168
700 2223 339 56.7475009016 59.9672392691
701 2224 452 66.5147995873 66.8854714263
702 2229 307 59.728648537 63.7734837713
703 2233 379 92.4034322652 94.8891352962
704 2235 443 83.9154451575 84.1579558386
705 2237 359 79.7694509958 80.1990890267
706 2238 350 55.5531114765 55.817527305
707 2239 328 87.5979155808 88.0612299784
708 2243 281 81.340099387 86.2412717729
709 2248 346 71.1810369075 71.7853071113
710 2249 361 73.5408634966 74.8494886995
711 2257 429 86.1355685973 86.2424740027
712 2258 409 75.0416996485 78.238218761
713 2259 381 93.3642666915 93.9665653567
714 2262 394 60.0072121957 61.5977781106
715 2267 387 73.0168845255 75.1183651066
716 2268 426 88.5038513372 88.9265332135
717 2273 419 78.5442249599 79.8768347877
718 2274 141 65.2558387097 65.3144156045
719 2275 333 63.6874454064 66.3001662601
720 2276 318 59.1858038759 62.6249018337
721 2278 428 87.6787037473 90.3004766858
722 2285 344 80.0817318729 81.3024207971
723 2287 380 63.2343886638 66.0933334633
724 2296 480 74.1540551666 77.1545574771
725 2300 415 118.196766395 118.395769957
726 2302 402 84.5335193168 86.4317568017
727 2304 442 68.1518650631 68.2441285315
728 2305 327 69.4871110183 71.6669528542
729 2306 385 70.7014405564 71.2657693174
730 2307 407 63.5362508882 63.5687677395
731 2308 433 66.7770250838 66.9378769673
732 2311 390 70.369287564 75.4541995534
733 2312 479 62.524935626 63.4547349397
734 2315 449 64.7272808662 65.7938634801
735 2318 313 101.040485597 101.31338705
736 2322 389 65.3644067247 65.8478165677
737 2323 372 86.2150705267 87.5379146584
738 2325 421 76.1395306528 76.7895325775
739 2328 310 68.3003012955 70.1091396511
740 2329 432 55.7043310648 68.6570076297
741 2336 439 72.7519093832 73.9033550514
742 2343 357 57.2414009205 58.0028952377
743 2347 270 76.3999801823 81.422900302
744 2351 423 56.5874098194 56.9155821544
745 2352 386 86.3158659522 90.0305005401
746 2353 380 84.5194145644 88.7822283725
747 2360 363 111.18687211 119.682019033
748 2361 492 66.2970282183 67.3391975494
749 2366 321 63.5750580277 64.8349396427
750 2367 400 72.201859099 72.6724347907
751 2368 389 61.0613838932 62.1534419316
752 2374 363 68.2259155482 71.0396185739
753 2376 310 72.5104584405 73.3873615331
754 2377 395 59.1624421016 59.8181616726
755 2378 414 82.3438776922 82.7260826802
756 2380 400 63.3567073635 63.3573185323
757 2381 396 68.6010594139 69.4036798295
758 2382 323 79.0789057862 79.0907875492
759 2387 381 86.0671836078 86.1838900708
760 2389 377 59.2791544528 62.8188157339
761 2390 434 71.1193456137 71.801461432
762 2392 335 60.4300038967 61.6597412705
763 2393 415 74.2843056616 77.1482342764
764 2394 418 74.0284077925 74.3481098217
765 2395 416 69.5719870865 74.9547954339
766 2397 407 79.8720297297 80.1034138508
767 2398 367 68.2185223678 69.259259985
768 2399 399 66.5058459385 66.6752496614
769 2400 412 83.8937465354 85.962077631
770 2401 416 68.2628056537 68.760474367
771 2410 449 65.7832879858 66.1242928988
772 2416 362 184.107199484 188.114754581
773 2417 327 67.4678888945 70.8753609568
774 2420 400 84.6209640817 85.3348914898
775 2422 387 61.7833839506 63.4436012055
776 2423 386 82.1766793275 84.5222782547
777 2425 355 83.4932694238 84.4446680346
778 2428 411 90.5790963687 92.059213658
779 2435 374 65.0989757718 66.8349185799
780 2437 358 90.0027774066 91.5437366146
781 2442 471 77.7702191986 79.4170467604
782 2446 356 76.4571213496 78.9620121885
783 2447 385 68.142824559 68.4235996454
784 2448 383 64.3285746732 65.3464824089
785 2449 387 98.6217030067 101.33738587
786 2451 383 66.5533911557 69.0338220844
787 2453 431 85.3109629928 85.7535301768
788 2456 411 60.1193589363 61.9599130227
789 2463 397 111.428816951 114.187620271
790 2464 401 117.652976491 118.846499758
791 2466 371 90.6406641394 92.4581438035
792 2467 402 65.3991368469 67.178741584
793 2470 285 91.3802730582 92.7236683855
794 2483 371 51.1131902125 51.3294734982
795 2491 429 75.5450334007 76.910903262
796 2494 435 55.8818628566 56.4803881414
797 2497 362 63.1057326564 64.2511908073
798 2503 409 77.669176904 77.937719009
799 2504 283 65.7989055556 75.4688939624
800 2507 430 74.6627991068 75.3275669453
801 2509 418 58.6028287343 58.9582108522
802 2511 393 111.441027449 112.585023637
803 2512 363 64.6182148475 68.7681236518
804 2518 337 54.6264827049 55.2826688051
805 2519 381 67.5875749817 67.6967783423
806 2523 350 90.5858467662 91.6146791448
807 2524 444 81.2414868525 89.5248735992
808 2531 376 57.7236680414 58.7908904956
809 2535 396 66.3802275605 67.9146637824
810 2537 441 60.6618618979 60.7012404642
811 2538 406 77.2453688917 78.7543619674
812 2542 427 77.3634553558 80.5546696231
813 2545 460 83.2535081545 84.1368475672
814 2547 316 86.2708028592 86.2888158336
815 2548 355 80.1428092188 81.140607347
816 2555 371 67.2709084175 68.7240118056
817 2557 462 83.5896541839 85.4150910742
818 2558 436 62.4976800174 64.7447170429
819 2559 324 86.1053857495 86.2971223104
820 2560 393 100.093525917 105.759255583
821 2561 464 80.0486581151 81.7874276324
822 2562 430 67.4961166097 69.3104532924
823 2566 419 77.5913480797 78.0010407347
824 2567 404 67.9722907036 71.0795880883
825 2569 350 108.417337721 109.345334149
826 2570 356 55.501786389 56.7352523609
827 2576 346 101.979159662 102.523645741
828 2577 393 79.0478561544 80.1542922398
829 2578 392 71.3285016447 71.6842211901
830 2585 340 89.8342682979 92.0311663283
831 2588 372 76.5927328445 77.4421800406
832 2592 392 74.6625784107 75.8180954117
833 2593 411 65.9542742394 66.3617100523
834 2594 380 60.4654563487 61.5413662677
835 2597 455 62.708000842 66.8227768994
836 2599 403 48.0458070828 51.3447904128
837 2601 381 68.0624332961 69.1160641429
838 2603 345 106.317968506 107.196126042
839 2604 401 82.1609628459 82.3707294522
840 2615 319 64.1870786389 68.8444302472
841 2617 362 62.7099223721 64.6724526237
842 2621 396 60.4464608801 60.5699702431
843 2622 386 65.6085873227 65.9619339037
844 2623 411 51.2794160802 51.7359086318
845 2624 343 51.4121899054 53.0360118306
846 2625 399 69.5226322323 77.9856509146
847 2631 366 87.0726435555 88.3794098011
848 2633 334 70.1901134926 73.0675159545
849 2635 408 72.8971943425 73.30189323
850 2636 387 65.8665864733 67.1954900458
851 2639 390 57.3651244733 59.4199267103
852 2641 355 85.1488531345 85.4933093912
853 2642 492 77.7854405671 81.5187507706
854 2649 376 94.9007187729 95.0288999077
855 2651 175 54.6289709606 56.3086182291
856 2652 369 57.32644835 57.3287498392
857 2654 445 90.4654573841 91.7289819385
858 2659 376 80.2121756937 80.491893094
859 2661 433 68.4441269123 71.4541316052
860 2663 419 63.6236744044 67.1823991327
861 2665 468 51.2128295431 52.0976476225
862 2667 308 96.7679464298 97.0081783737
863 2679 396 73.9416136161 74.6819067317
864 2680 347 63.0898393758 63.9532320883
865 2683 435 92.1615751522 93.3419525942
866 2688 419 54.8918780773 55.8786967404
867 2689 422 85.1905893563 86.2659574299
868 2690 367 72.5686899421 72.5743407304
869 2691 398 66.6636872984 68.1986277593
870 2693 453 75.3738837619 78.0433458006
871 2695 421 68.1151271375 68.3595861151
872 2698 333 73.6270037881 73.9574424338
873 2700 363 74.8670701319 79.7065582009
874 2703 424 69.798328284 78.7524205218
875 2704 387 60.7762069001 62.6207848015
876 2706 301 60.2003154707 60.7649447493
877 2711 329 73.6233877316 75.0457370712
878 2715 450 78.2725551439 79.9789025151
879 2719 360 55.2215599928 55.6555279778
880 2726 424 104.350908149 104.463279988
881 2729 438 67.0513559561 67.4634805291
882 2731 451 63.462772309 64.9987005193
883 2735 363 69.6512149014 69.9578372517
884 2736 397 69.036514877 70.0465803381
885 2739 405 59.1590311766 60.1162726626
886 2741 458 48.9025298189 50.3028406552
887 2746 443 76.6457915002 77.9032287072
888 2750 386 56.7806131288 57.1169022655
889 2751 319 75.9895822052 76.9133865407
890 2758 376 71.7847450798 72.4355831154
891 2760 337 70.3538425811 70.9945783741
892 2761 374 107.441110042 109.037055987
893 2767 377 77.0629386699 77.7119487648
894 2771 343 70.6496286984 73.1153119527
895 2772 366 101.13516462 101.743956939
896 2773 369 73.7170186005 74.0267749495
897 2776 416 70.1631538135 71.7981267289
898 2780 103 58.3909896611 58.953687139
899 2782 371 63.7571253598 64.0116407497
900 2785 400 67.3632829606 70.71478559
901 2787 372 70.0885699796 71.2518252903
902 2788 352 155.327874255 156.782007014
903 2789 430 64.988859953 67.532835428
904 2795 334 69.5099160008 72.8218032047
905 2799 350 92.2603406425 92.6389709975
906 2804 362 70.4907356015 73.726864724
907 2808 370 60.991592759 62.7562126378
908 2820 504 69.3337576579 69.3898650331
909 2823 397 64.0127849272 70.9619930005
910 2827 402 73.7522692251 74.2673513667
911 2828 379 86.2763962009 87.2282309968
912 2830 347 55.2006060864 56.2224535231
913 2833 357 55.4959037247 57.5993324259
914 2836 372 55.8693184632 56.3325362357
915 2839 380 104.663081568 105.812881832
916 2842 447 54.0897826618 55.5448287085
917 2843 381 74.7955848168 75.9764139498
918 2845 390 77.3902225372 78.2136672262
919 2851 390 70.60750811 72.0103818264
920 2853 359 84.7310832777 87.8293005812
921 2854 377 95.5885134552 100.137539242
922 2855 370 83.6738116135 86.8051396075
923 2857 335 72.5344637725 74.0752970536
924 2858 383 65.7353782112 66.0229700219
925 2861 363 63.5323138657 65.0765876334
926 2862 407 71.2044597659 71.9340360849
927 2865 371 56.7066889277 57.2235052233
928 2866 381 82.5473538792 85.3240425059
929 2867 442 110.041216289 110.367912914
930 2869 279 104.352703667 105.501208051
931 2870 414 68.4450103285 69.4016703935
932 2871 363 76.8158440319 79.2221138113
933 2874 404 61.4103239777 62.8872322821
934 2878 390 59.9329281404 60.9081159397
935 2882 406 88.2920589125 88.3124845495
936 2883 425 75.1383264169 82.6481919866
937 2887 445 68.122101248 70.6020759023
938 2888 332 69.5401295533 69.6608545199
939 2889 423 51.0418859904 51.12044868
940 2892 367 63.4337323905 63.6032679628
941 2895 439 74.9347529838 82.1772172257
942 2897 392 94.2304794406 95.8844403487
943 2901 362 54.3601908814 55.4359227131
944 2902 395 69.9188007321 71.1780617751
945 2903 244 109.998625413 110.435124641
946 2906 465 80.2346858257 82.306716642
947 2907 411 69.1060048422 73.0240552878
948 2908 407 58.700511924 60.0230196344
949 2918 361 85.0949500765 86.7403744331
950 2919 405 101.650204679 101.905969463
951 2920 351 45.5801491327 47.5219640757
952 2928 464 75.1687329402 78.3795295487
953 2932 358 77.7704397851 78.1227743366
954 2934 329 110.668707749 112.704462688
955 2936 351 80.7688824427 83.327610392
956 2937 429 86.7345213471 86.9265586841
957 2938 422 128.61045139 129.004357096
958 2940 361 89.4434384528 90.7886893638
959 2943 378 104.966453662 107.138546143
960 2944 386 80.474214756 81.9946054011
961 2955 417 55.9105905819 56.2320789186
962 2963 338 67.1482855245 68.1389478487
963 2966 373 73.7130806025 74.3575289225
964 2967 363 65.007702033 68.5585386536
965 2969 360 60.0234512625 60.9105720526
966 2970 339 77.6723368753 81.134638329
967 2976 414 54.0976890708 55.2001124003
968 2979 367 80.6262885477 85.5978218722
969 2980 408 66.4928934431 67.3189967572
970 2981 328 95.5981238133 95.7893040013
971 2985 386 53.3559673879 54.1924789489
972 2995 398 63.2723570921 68.2972855215
973 2997 359 68.2264981419 69.1972440386
974 2998 346 69.8345030485 70.1000431919
975 3000 407 60.0392702343 60.4010906814
976 3002 385 77.364851494 77.5165984776
977 3006 460 75.6293104371 76.9272610474
978 3007 417 76.1334057139 79.7127802409
979 3013 375 77.7083385577 81.5807487881
980 3022 360 61.8995977069 62.0059532846
981 3023 392 78.1252957692 79.2956864679
982 3024 422 70.120364634 76.8744757134
983 3025 392 75.9248095629 78.5642020285
984 3026 467 78.7486524322 79.5398341932
985 3032 386 66.605466031 67.9582677015
986 3036 408 63.6795722406 67.9765884172
987 3038 372 67.8630312356 70.682375798
988 3045 400 60.5297913286 60.7298598026
989 3051 411 71.0641048407 72.3044581341
990 3052 417 74.3499434778 76.7151970985
991 3053 385 58.4812025979 61.3448210369
992 3061 409 85.4817763736 86.5316225749
993 3064 452 72.4752113112 72.560562599
994 3074 472 65.7813016016 66.370546781
995 3075 346 79.1539634297 79.5898085686
996 3076 317 83.8809167007 86.1592417101
997 3078 404 96.6036335017 96.9149784625
998 3089 284 86.2823372847 86.3331980165
999 3090 386 104.743115473 105.92270027
1000 3092 391 95.9076611834 95.9269862624
1001 3093 412 73.4308439411 74.8609487415
1002 3094 402 87.2243337565 92.8612527526
1003 3095 351 97.5601718107 99.9803282522
1004 3105 421 143.583139943 145.785140087
1005 3109 392 53.7015267396 53.8169985347
1006 3116 375 50.9587601401 52.0141928538
1007 3118 443 61.6269759419 63.2704298902
1008 3120 386 61.1424324347 61.4976817192
1009 3123 333 105.192502676 106.187371947
1010 3124 443 68.068252197 70.3655724676
1011 3128 386 63.5632999693 63.8785250299
1012 3131 383 62.0002513969 62.3982173688
1013 3132 395 86.3705008968 88.7265397013
1014 3134 455 76.1983925538 84.0432997284
1015 3140 390 69.5361096096 70.4458310123
1016 3144 412 66.5785759496 66.6217209807
1017 3147 338 59.27997009 62.1190619626
1018 3158 394 68.2273875213 68.5906805557
1019 3168 381 54.8404905601 56.221887902
1020 3170 450 62.6079541597 63.8263495605
1021 3172 452 59.4027396779 60.3139192878
1022 3175 418 84.173430717 85.0174200735
1023 3177 336 65.9981139606 67.4812880995
1024 3179 428 101.588788792 103.355367295
1025 3180 413 56.7775710909 61.4908967431
1026 3181 336 78.0697218346 78.9282919291
1027 3183 347 79.8534960744 81.318561981
1028 3188 374 100.970748785 102.569526112
1029 3198 386 95.3875416024 95.7623606641
1030 3200 368 80.0195283167 86.1829281066
1031 3204 347 65.0290301098 67.7598772965
1032 3207 315 64.8086110003 65.071349833
1033 3208 381 66.6229452982 67.9457270958
1034 3210 333 104.09919224 104.406774367
1035 3213 417 79.2118331463 80.2285045065
1036 3214 422 63.1300219948 65.9786244064
1037 3216 469 66.6816887698 73.7107292519
1038 3217 331 54.9447038929 55.3054797975
1039 3224 216 100.827012287 102.033046043
1040 3230 462 76.7795963691 76.9136197145
1041 3237 369 67.1087185216 67.4686714022
1042 3238 297 88.531400993 91.2595580656
1043 3243 422 82.885657434 85.396006024
1044 3247 373 69.9516542005 72.587120781
1045 3249 426 55.8445148999 56.8724964122
1046 3259 407 55.7171508316 57.8915544251
1047 3260 397 100.785088506 101.894335973
1048 3261 362 58.8134437777 58.8373365328
1049 3263 326 76.7376702858 77.9555331795
1050 3265 366 87.1127264575 91.3515587197
1051 3267 362 75.8828175467 79.6313269022
1052 3269 349 59.1773145337 59.4436033384
1053 3270 411 82.7423132785 83.919411684
1054 3272 400 71.9671119242 72.6289277547
1055 3273 437 156.239028978 159.259429756
1056 3274 384 55.200743841 56.750527551
1057 3277 416 54.1621436732 54.1903426381
1058 3279 380 79.6816506003 80.7375666693
1059 3281 403 70.6040284128 73.2053301008
1060 3282 334 58.6154153242 58.8532888088
1061 3287 353 67.96878488 71.1608358209
1062 3289 427 60.0296449613 60.9233104266
1063 3295 407 72.9122632805 73.0860883315
1064 3296 416 83.8570823317 86.0211560448
1065 3299 389 70.3238822779 72.4701058049
1066 3301 409 74.5706678114 77.9852992174
1067 3302 390 104.677441243 105.406119476
1068 3304 431 67.568751374 70.3690083479
1069 3306 387 84.1001802983 85.5841947065
1070 3314 435 74.3142836991 74.6833625298
1071 3315 367 125.275962109 131.940106986
1072 3317 432 72.457090594 75.96043013
1073 3332 397 69.2883563768 71.1676991958
1074 3333 329 72.5110515963 79.8119849747
1075 3335 365 82.8367598993 85.2433037699
1076 3337 384 93.2066160355 95.9352352481
1077 3338 381 56.1597550884 60.4946760792
1078 3340 394 72.2951915398 74.3023568804
1079 3342 356 69.052887278 69.4034191601
1080 3350 384 63.511869984 63.6153681216
1081 3353 336 116.930866429 117.298695729
1082 3355 351 73.4385331776 76.5635407111
1083 3359 403 136.158514673 136.661419607
1084 3360 349 101.396644913 101.850163012
1085 3361 342 71.653616966 71.9196367481
1086 3363 437 65.2959066802 65.6444753826
1087 3365 407 77.3658214772 77.8536192005
1088 3367 349 79.5698316548 80.0005464441
1089 3374 413 98.6556188107 102.58947777
1090 3375 378 81.2359397865 81.6436273177
1091 3376 367 66.3352361879 66.6544540744
1092 3377 403 95.0780706374 95.4983094933
1093 3378 378 117.218771689 117.269798213
1094 3386 393 106.461208975 108.714098815
1095 3388 413 66.9985925104 67.1014572442
1096 3390 337 64.9533026053 66.1343774245
1097 3395 427 78.1680260565 79.0692983386
1098 3396 352 85.2235575072 89.7499578407
1099 3398 407 77.3362880031 82.8968852436
1100 3402 348 95.9975349992 97.4687786045
1101 3406 363 72.1740499425 73.2520565433
1102 3407 389 69.8140492498 73.0909922784
1103 3408 306 91.8546520263 92.7192130299
1104 3410 457 94.0927648575 97.0753379924
1105 3418 396 70.2032497783 73.7915170625
1106 3421 371 71.7378014032 72.2076753172
1107 3422 303 127.609758451 132.259606051
1108 3433 381 57.3841484795 57.6976429854
1109 3436 296 89.8092686686 90.8086452981
1110 3440 376 80.3875966059 85.1135861062
1111 3441 365 116.62921851 116.957291428
1112 3442 386 62.8284792531 63.4006801684
1113 3447 362 83.7232470975 85.6688346498
1114 3449 393 56.7835474445 57.2197637234
1115 3453 461 61.2781812603 65.3331596263
1116 3455 463 66.3801276052 67.4351753189
1117 3456 363 49.3156391636 50.2716811002
1118 3457 392 73.1862308039 73.4138418635
1119 3458 234 46.1693308719 49.6226633351
1120 3471 374 121.03584473 121.933202562
1121 3472 414 72.9492553602 74.8936472252
1122 3474 367 52.6004277335 54.4945206422
1123 3482 368 82.9984563454 83.6628723727
1124 3485 333 106.832612462 108.348397434
1125 3487 398 74.2362837597 76.5009770496
1126 3488 431 81.3249947517 84.5688640641
1127 3492 426 63.9641492755 65.2526756172
1128 3494 366 74.0156740796 74.100318936
1129 3499 409 61.4861924601 61.7644483096
1130 3502 431 69.6336734649 73.8198984826
1131 3512 389 85.9998889316 86.4248461359
1132 3514 348 57.9481735557 59.4947823407
1133 3515 354 98.6764928285 100.035317301
1134 3521 407 101.175339359 105.061411747
1135 3522 387 66.0049172606 66.5256675504
1136 3528 344 77.311793504 77.3388625904
1137 3535 455 78.3607640566 81.9974062859
1138 3540 377 84.9966392609 84.9989770792
1139 3544 437 71.9230653367 72.5955416275
1140 3545 400 106.478871083 106.681036671
1141 3547 387 69.5468950204 73.5984299763
1142 3548 430 68.4230651504 69.1191488715
1143 3556 439 53.923282855 54.4504368528
1144 3561 426 84.2302638292 84.6416047914
1145 3564 373 63.1253280742 64.677417057
1146 3565 352 69.046697527 69.0851063281
1147 3567 350 88.5445108712 90.8412064868
1148 3568 440 53.009288191 56.8451223626
1149 3576 384 94.1935474383 95.1168913803
1150 3578 448 76.3375542467 79.4875659164
1151 3579 393 49.4214306476 49.9158117231
1152 3581 412 60.8437844602 61.5691271433
1153 3583 402 76.2113927439 77.1900431535
1154 3584 377 68.647175915 74.4288880681
1155 3587 409 49.1573343614 50.2088795
1156 3589 405 83.3108623724 84.5491349271
1157 3590 364 57.4165771626 57.9335769579
1158 3601 409 62.8858808934 64.8259869652
1159 3610 331 80.0170704262 82.9367385357
1160 3611 418 64.8626129069 72.2529324697
1161 3616 394 90.3953656527 91.7851411209
1162 3618 392 84.198478243 84.5275995928
1163 3619 448 91.7760472195 93.0701489731
1164 3621 372 56.5439038219 66.6762710493
1165 3624 436 85.5716619458 88.2692800294
1166 3626 407 58.3063231551 59.124559044
1167 3628 464 66.3425085159 66.469918827
1168 3632 390 93.3817399841 96.591934707
1169 3635 365 89.7999142295 90.3904268223
1170 3637 347 80.104558112 80.8808321088
1171 3638 439 56.7319031163 59.8680598878
1172 3645 378 72.1656304729 73.181892468
1173 3652 422 53.5204661438 54.540858
1174 3653 359 94.3081412735 94.9397020941
1175 3654 416 62.965543477 63.4687279601
1176 3656 427 71.5333401124 75.3964986745
1177 3657 459 73.0053647332 76.3553750011
1178 3658 419 83.5226753034 85.6658379419
1179 3670 339 81.0618777489 81.7985403097
1180 3676 430 78.3292236899 80.0375842286
1181 3677 415 75.0446448677 76.070183176
1182 3682 332 64.2749517653 64.2983635469
1183 3683 254 106.277704247 106.73659153
1184 3684 378 97.4696280436 101.894836277
1185 3685 368 92.7471596722 93.6422023496
1186 3686 344 94.8897198788 95.6969755371
1187 3689 415 84.1216698305 88.7582900246
1188 3690 436 94.5535943325 96.0975459621
1189 3702 376 63.7559478418 64.167595579
1190 3703 383 62.6300365269 63.2589326111
1191 3718 397 69.0122870059 73.7048306006
1192 3723 365 103.78093475 104.599360303
1193 3728 383 56.3818906151 58.1278715324
1194 3731 465 60.1368849204 60.6277838438
1195 3735 450 90.6689086453 91.3991667379
1196 3736 346 79.5826051569 80.721936453
1197 3737 362 59.0278721395 59.9450804127
1198 3742 400 77.961142702 78.7912619004
1199 3743 380 75.2988371683 80.8094982209
1200 3747 404 59.8715328694 61.0077748449
1201 3748 468 88.4097183619 89.1813893975
1202 3749 405 66.4343358244 67.8643905506
1203 3754 344 72.4262152148 75.3846021511
1204 3755 396 63.7408250985 64.9664925906
1205 3756 359 77.7448561941 79.4210652717
1206 3760 401 89.473957564 89.5422084813
1207 3761 411 95.5182746355 97.243929247
1208 3762 424 67.2900165144 67.7953593051
1209 3773 360 55.6494446608 56.3977940494
1210 3774 390 62.9693668429 64.0540693229
1211 3778 398 82.4319702427 86.6510984619
1212 3783 314 127.989217572 128.971905232
1213 3784 402 66.5650430006 66.8434334
1214 3789 412 78.9636932437 80.6846120318
1215 3792 401 74.9721741782 75.5531201325
1216 3793 408 73.5897299181 75.1682580578
1217 3797 400 76.9206896121 77.55866665
1218 3801 408 61.9269941711 62.7795407748
1219 3804 347 72.684991213 76.2177530825
1220 3808 448 71.5299289821 74.6288490392
1221 3814 387 76.4731413597 77.8851538799
1222 3815 369 98.4081345168 98.8961510708
1223 3816 413 90.0198709182 92.0393303319
1224 3822 371 53.5158266287 53.602135526
1225 3824 370 83.7522982967 85.4221034948
1226 3826 337 64.2064942679 66.1061687894
1227 3827 369 162.482744978 162.8655956
1228 3830 427 79.4802768302 80.2418002078
1229 3831 391 68.1146690441 72.0926906215
1230 3832 372 73.2854364951 74.6602355682
1231 3833 450 60.0344534191 63.2896124875
1232 3834 411 63.8660357574 64.8534974465
1233 3839 405 62.2756063756 62.9821734381
1234 3841 470 74.5954571265 76.2178729588
1235 3844 426 105.536822547 105.837519298
1236 3845 410 100.7285097 101.677137644
1237 3848 393 63.7849952336 68.5359241197
1238 3850 338 75.6365428229 76.0302940738
1239 3856 346 98.7961322852 100.867485063
1240 3857 445 80.7135753548 83.718086457
1241 3858 285 60.3410030114 61.9274309506
1242 3865 402 90.1335684495 91.9255429374
1243 3866 420 92.5947743565 96.7888515858
1244 3867 448 70.3289322301 70.4603402341
1245 3870 347 93.2620966242 96.8054305932
1246 3872 397 68.0404278524 69.54377362
1247 3875 427 78.6062106548 78.7992750189
1248 3876 357 81.5691100702 82.2114442973
1249 3885 372 71.1502359588 72.2021462907
1250 3886 374 52.549318306 56.0925508953
1251 3888 438 88.2456961375 88.9970327999
1252 3890 424 53.9855067347 57.4154207997
1253 3892 323 93.0802380162 93.6631504541
1254 3902 388 95.3239358001 95.866182174
1255 3903 409 105.075850653 105.294411685
1256 3908 373 76.2796943198 76.7816553837
1257 3914 384 96.5386769693 99.6148845592
1258 3920 379 90.5646967107 93.9824033829
1259 3921 396 82.7466828609 83.1465819865
1260 3922 371 61.3813241974 62.4635436034
1261 3923 390 84.0399574376 84.3750279648
1262 3926 377 69.932740846 70.2763826912
1263 3932 362 59.4829352994 64.1125002461
1264 3934 390 79.33411044 79.4854775317
1265 3937 334 55.3295604522 61.4148752133
1266 3941 474 72.7982404242 74.3290532628
1267 3942 409 64.5545104192 66.0925397423
1268 3953 375 62.1809386257 65.638731269
1269 3954 394 59.2996393714 61.0162020871
1270 3955 415 77.1409461933 77.8541506559
1271 3958 391 59.9230134733 61.4382239467
1272 3962 400 96.6253647652 96.7735657657
1273 3971 398 72.0233753655 72.5831806544
1274 3978 423 74.0239467 74.1548975994
1275 3980 421 83.2412927608 83.2992737803
1276 3981 318 66.245366731 66.3469180961
1277 3983 415 104.69668651 106.173025377
1278 3985 352 61.469165329 62.4605063018
1279 3986 383 71.5760096898 73.5619991176
1280 3988 383 83.0915073905 83.5386300179
1281 3989 462 39.5531952601 40.9063155507
1282 3991 356 76.3544347392 78.9793367951
1283 3992 254 62.2966292043 66.5444148431
1284 3994 346 70.893344269 71.4292355644
1285 3996 357 84.1127490961 85.875587083
1286 3997 399 79.9887069147 80.2986348308
