0
2
3
5
6
8
11
12
20
22
24
25
26
28
29
30
31
32
34
36
37
40
42
44
45
47
49
51
52
54
60
63
67
69
70
71
75
77
78
79
80
81
82
83
85
88
91
92
93
94
96
100
101
103
106
107
108
113
114
115
116
118
119
120
121
122
123
124
125
127
128
129
130
131
132
134
135
136
138
140
141
142
143
146
147
148
149
150
155
156
157
160
162
164
165
167
170
171
172
173
174
177
178
181
182
183
184
185
186
187
191
193
195
199
200
202
204
205
206
210
211
218
219
221
222
224
226
228
229
230
231
232
233
234
235
236
239
240
242
244
245
246
248
249
252
253
254
255
256
261
262
263
264
267
268
269
271
273
282
284
286
287
289
290
291
292
295
296
297
300
301
302
303
305
307
308
309
311
312
313
315
317
318
321
322
324
325
326
327
329
330
332
333
336
337
338
339
341
342
345
346
349
350
351
352
354
356
359
364
365
366
367
369
371
372
374
375
376
378
379
383
384
385
387
388
389
390
391
393
399
400
401
405
406
408
410
411
414
415
421
424
425
427
428
429
432
433
434
435
437
443
444
445
447
448
449
450
453
454
455
460
461
462
465
467
471
474
475
476
477
478
479
481
483
484
485
486
490
492
493
494
497
498
500
504
505
507
516
517
520
522
523
525
526
528
529
530
534
535
536
539
540
541
542
543
544
545
546
547
548
549
550
554
555
557
558
561
564
568
573
574
577
579
580
581
582
583
585
586
587
588
589
590
591
592
593
594
595
596
597
598
599
601
602
603
604
605
609
610
613
614
615
616
621
622
624
626
630
631
632
633
634
638
639
640
642
643
645
646
647
648
650
651
655
656
657
658
659
660
661
662
665
666
670
671
672
674
675
679
680
682
683
684
686
688
690
691
692
693
694
695
696
697
699
700
702
704
706
708
710
711
714
716
717
721
722
724
725
726
727
728
730
738
740
741
742
743
744
745
749
750
751
752
753
755
756
758
759
760
761
762
767
768
769
771
773
775
776
778
779
780
781
785
787
788
789
791
793
794
795
796
797
800
801
803
805
806
808
810
812
815
818
821
824
825
828
829
832
833
836
837
838
839
841
843
844
845
846
850
851
852
853
854
856
859
860
864
867
868
869
871
873
874
876
880
881
882
883
889
891
892
893
895
896
897
898
899
904
905
906
908
911
912
917
918
919
922
923
924
926
928
929
932
933
934
936
940
943
944
945
948
950
952
953
956
957
958
961
965
966
970
971
973
975
977
978
980
982
984
985
986
988
989
991
994
995
996
998
999
