7
15
17
31
35
37
68
86
88
96
108
126
148
175
194
196
219
236
251
257
258
263
301
309
330
335
380
388
454
464
474
477
519
522
547
555
567
581
583
588
606
629
635
638
646
675
694
712
735
738
742
757
758
776
785
790
820
926
927
941
951
1016
1044
1082
1086
1109
1124
1134
1153
1166
1208
1209
1221
1231
1249
1250
1253
1281
1310
1343
1402
1410
1418
1437
1470
1490
1504
1517
1523
1535
1537
1543
1556
1568
1602
1649
1700
1711
1715
1722
1725
1755
1770
1783
1786
1824
1845
1847
1874
1880
1903
1909
1931
1997
2016
2034
2044
2045
2055
2063
2076
2084
2105
2145
2163
2183
2184
2300
2304
2305
2308
2316
2331
2340
2362
2374
2378
2385
2417
2419
2420
2431
2460
2471
2559
2572
2585
2595
2605
2614
2648
2654
2691
2692
2708
2709
2743
2784
2793
2812
2825
2836
2850
2855
2868
2877
2886
2890
2891
2908
2916
2962
2963
2977
2986
2992
2998
3013
3038
3073
3078
3080
3096
3097
3110
3172
3175
3223
3239
3264
3268
3320
3323
3325
3336
3349
3355
3380
3381
3419
3432
3450
3461
3483
3488
3492
3525
3548
3565
3572
3581
3594
3611
3622
3655
3671
3672
3675
3677
3693
3694
3695
3709
3737
3765
3796
3798
3799
3826
3835
3860
3891
3892
3916
3942
3952
3962
3992
