0
1
3
4
7
8
12
14
20
21
23
29
30
34
39
42
45
47
51
52
55
59
64
66
77
79
85
89
90
94
99
101
103
110
112
114
121
122
123
124
127
129
132
139
143
144
145
146
151
156
157
159
162
163
164
166
168
170
172
178
182
185
194
202
203
205
206
207
210
212
214
217
220
221
222
233
237
245
246
254
255
259
262
264
269
275
276
278
279
281
284
291
292
294
298
301
302
310
317
321
327
329
331
344
345
348
350
351
355
356
357
359
362
363
372
373
387
388
390
397
398
402
403
406
408
411
415
423
426
428
429
432
433
434
436
437
441
443
444
448
451
455
457
458
463
464
468
472
473
475
476
477
483
484
486
490
491
492
495
500
501
508
510
519
522
527
528
530
531
533
535
542
543
548
550
554
555
565
569
574
575
577
581
583
585
594
595
600
602
603
606
610
612
614
615
617
621
626
630
631
632
635
639
641
644
647
648
649
654
658
659
673
676
682
684
691
693
698
700
709
715
723
726
729
732
735
736
741
745
749
750
752
753
754
755
756
760
761
763
766
767
770
775
776
778
784
785
787
792
793
799
800
801
804
805
808
809
814
821
827
833
834
837
839
841
842
846
849
857
860
861
865
867
870
875
883
887
888
892
895
899
900
904
910
916
919
920
923
928
930
931
932
935
939
946
947
948
958
963
966
969
972
978
979
981
982
986
990
993
995
999
1002
1007
1008
1015
1016
1017
1022
1025
1026
1029
1030
1033
1037
1038
1047
1051
1057
1064
1066
1067
1069
1071
1082
1084
1093
1097
1099
1100
1101
1102
1103
1104
1105
1119
1121
1124
1125
1126
1134
1137
1139
1142
1144
1147
1150
1151
1152
1154
1155
1160
1161
1164
1167
1169
1175
1178
1183
1186
1188
1192
1195
1199
1200
1202
1204
1207
1208
1211
1212
1216
1219
1220
1225
1228
1230
1231
1232
1235
1237
1243
1249
1250
1251
1254
1262
1263
1264
1265
1267
1271
1272
1282
1283
1288
1290
1292
1296
1298
1301
1306
1308
1314
1316
1317
1321
1322
1330
1333
1334
1337
1338
1344
1346
1348
1358
1360
1363
1365
1366
1369
1371
1375
1376
1377
1378
1381
1382
1383
1388
1390
1391
1392
1393
1395
1404
1405
1407
1412
1417
1420
1426
1428
1433
1435
1436
1438
1440
1441
1447
1449
1465
1467
1473
1476
1478
1479
1495
1497
1502
1504
1506
1507
1512
1519
1520
1532
1538
1542
1543
1545
1548
1550
1552
1553
1555
1556
1557
1558
1567
1573
1574
1575
1581
1584
1585
1591
1592
1596
1597
1598
1601
1602
1605
1606
1608
1613
1614
1616
1619
1623
1625
1627
1628
1631
1633
1637
1642
1643
1651
1652
1657
1658
1659
1662
1664
1666
1668
1671
1673
1675
1676
1683
1688
1689
1696
1697
1698
1705
1706
1707
1709
1712
1713
1714
1721
1722
1723
1732
1734
1740
1742
1744
1752
1756
1758
1761
1768
1770
1771
1774
1777
1778
1780
1782
1783
1784
1786
1787
1792
1795
1796
1799
1804
1805
1812
1813
1816
1828
1830
1831
1839
1841
1842
1851
1852
1856
1859
1863
1865
1869
1870
1871
1874
1875
1878
1881
1882
1899
1904
1906
1907
1921
1928
1934
1939
1940
1941
1943
1946
1948
1954
1957
1958
1959
1964
1971
1973
1978
1981
1983
1988
1990
1991
1997
1999
2004
2005
2007
2008
2014
2015
2017
2018
2020
2023
2026
2027
2028
2029
2031
2033
2034
2039
2042
2045
2046
2053
2054
2057
2058
2059
2062
2064
2065
2066
2074
2076
2079
2088
2090
2097
2099
2104
2107
2109
2111
2114
2116
2117
2118
2119
2132
2142
2143
2145
2148
2150
2152
2154
2157
2158
2160
2167
2170
2178
2183
2185
2187
2190
2191
2194
2195
2201
2204
2207
2208
2216
2218
2223
2224
2229
2233
2235
2237
2238
2239
2243
2248
2249
2257
2258
2259
2262
2267
2268
2273
2274
2275
2276
2278
2285
2287
2296
2300
2302
2304
2305
2306
2307
2308
2311
2312
2315
2318
2322
2323
2325
2328
2329
2336
2343
2347
2351
2352
2353
2360
2361
2366
2367
2368
2374
2376
2377
2378
2380
2381
2382
2387
2389
2390
2392
2393
2394
2395
2397
2398
2399
2400
2401
2410
2416
2417
2420
2422
2423
2425
2428
2435
2437
2442
2446
2447
2448
2449
2451
2453
2456
2463
2464
2466
2467
2470
2483
2491
2494
2497
2503
2504
2507
2509
2511
2512
2518
2519
2523
2524
2531
2535
2537
2538
2542
2545
2547
2548
2555
2557
2558
2559
2560
2561
2562
2566
2567
2569
2570
2576
2577
2578
2585
2588
2592
2593
2594
2597
2599
2601
2603
2604
2615
2617
2621
2622
2623
2624
2625
2631
2633
2635
2636
2639
2641
2642
2649
2651
2652
2654
2659
2661
2663
2665
2667
2679
2680
2683
2688
2689
2690
2691
2693
2695
2698
2700
2703
2704
2706
2711
2715
2719
2726
2729
2731
2735
2736
2739
2741
2746
2750
2751
2758
2760
2761
2767
2771
2772
2773
2776
2780
2782
2785
2787
2788
2789
2795
2799
2804
2808
2820
2823
2827
2828
2830
2833
2836
2839
2842
2843
2845
2851
2853
2854
2855
2857
2858
2861
2862
2865
2866
2867
2869
2870
2871
2874
2878
2882
2883
2887
2888
2889
2892
2895
2897
2901
2902
2903
2906
2907
2908
2918
2919
2920
2928
2932
2934
2936
2937
2938
2940
2943
2944
2955
2963
2966
2967
2969
2970
2976
2979
2980
2981
2985
2995
2997
2998
3000
3002
3006
3007
3013
3022
3023
3024
3025
3026
3032
3036
3038
3045
3051
3052
3053
3061
3064
3074
3075
3076
3078
3089
3090
3092
3093
3094
3095
3105
3109
3116
3118
3120
3123
3124
3128
3131
3132
3134
3140
3144
3147
3158
3168
3170
3172
3175
3177
3179
3180
3181
3183
3188
3198
3200
3204
3207
3208
3210
3213
3214
3216
3217
3224
3230
3237
3238
3243
3247
3249
3259
3260
3261
3263
3265
3267
3269
3270
3272
3273
3274
3277
3279
3281
3282
3287
3289
3295
3296
3299
3301
3302
3304
3306
3314
3315
3317
3332
3333
3335
3337
3338
3340
3342
3350
3353
3355
3359
3360
3361
3363
3365
3367
3374
3375
3376
3377
3378
3386
3388
3390
3395
3396
3398
3402
3406
3407
3408
3410
3418
3421
3422
3433
3436
3440
3441
3442
3447
3449
3453
3455
3456
3457
3458
3471
3472
3474
3482
3485
3487
3488
3492
3494
3499
3502
3512
3514
3515
3521
3522
3528
3535
3540
3544
3545
3547
3548
3556
3561
3564
3565
3567
3568
3576
3578
3579
3581
3583
3584
3587
3589
3590
3601
3610
3611
3616
3618
3619
3621
3624
3626
3628
3632
3635
3637
3638
3645
3652
3653
3654
3656
3657
3658
3670
3676
3677
3682
3683
3684
3685
3686
3689
3690
3702
3703
3718
3723
3728
3731
3735
3736
3737
3742
3743
3747
3748
3749
3754
3755
3756
3760
3761
3762
3773
3774
3778
3783
3784
3789
3792
3793
3797
3801
3804
3808
3814
3815
3816
3822
3824
3826
3827
3830
3831
3832
3833
3834
3839
3841
3844
3845
3848
3850
3856
3857
3858
3865
3866
3867
3870
3872
3875
3876
3885
3886
3888
3890
3892
3902
3903
3908
3914
3920
3921
3922
3923
3926
3932
3934
3937
3941
3942
3953
3954
3955
3958
3962
3971
3978
3980
3981
3983
3985
3986
3988
3989
3991
3992
3994
3996
3997
