0
7
17
19
20
29
32
40
44
46
48
51
76
97
98
104
108
110
119
124
128
137
146
154
162
164
171
172
177
186
194
197
204
205
210
217
229
232
248
252
253
254
257
262
268
270
298
300
311
327
329
332
343
348
354
365
381
384
389
390
393
406
417
419
424
426
433
450
458
461
473
482
483
485
503
516
518
524
526
539
541
547
551
567
574
583
596
599
602
606
608
612
616
620
621
622
624
634
636
646
647
652
655
660
663
665
672
682
692
713
720
721
722
731
733
735
739
740
747
750
751
759
760
765
770
784
792
793
796
806
808
816
819
824
825
828
833
839
850
851
856
858
866
869
874
875
876
879
890
898
908
910
913
916
918
921
924
932
939
948
949
953
958
960
969
975
979
991
1000
1008
1009
1010
1024
1029
1035
1036
1037
1040
1046
1059
1060
1064
1069
1074
1077
1080
1081
1087
1088
1095
1101
1106
1107
1108
1125
1127
1128
1129
1136
1141
1149
1150
1156
1162
1165
1171
1191
1193
1196
1209
1220
1226
1228
1236
1251
1252
1254
1261
1266
1275
1276
1286
1291
1307
1309
1318
1319
1338
1341
1343
1352
1356
1358
1363
1366
1367
1370
1378
1386
1388
1389
1391
1397
1408
1414
1417
1419
1421
1422
1423
1430
1437
1443
1447
1448
1451
1460
1461
1467
1478
1480
1482
1492
1494
1501
1502
1510
1514
1516
1517
1531
1542
1554
1557
1560
1568
1570
1573
1588
1613
1616
1617
1619
1629
1644
1647
1649
1655
1659
1668
1684
1685
1687
1692
1696
1697
1702
1713
1719
1730
1733
1735
1737
1738
1758
1778
1779
1789
1818
1827
1840
1849
1858
1861
1863
1868
1871
1874
1894
1895
1898
1899
1901
1904
1921
1923
1947
1949
1953
1960
1962
1968
1971
1973
1983
1985
1989
1992
1999
2010
2026
2028
2045
2051
2054
2067
2082
2088
2101
2109
2115
2122
2130
2132
2136
2159
2160
2166
2167
2168
2176
2181
2186
2194
2200
2202
2203
2206
2209
2212
2221
2226
2236
2237
2242
2245
2248
2252
2258
2263
2269
2271
2275
2278
2284
2286
2303
2304
2311
2312
2315
2318
2321
2325
2338
2341
2345
2346
2347
2360
2368
2372
2378
2379
2382
2387
2394
2397
2399
2400
2401
2406
2412
2421
2428
2435
2441
2445
2447
2454
2455
2465
2477
2479
2487
2490
2491
2492
2498
2499
2503
2507
2510
2525
2535
2538
2539
2542
2552
2558
2560
2562
2563
2566
2582
2583
2585
2588
2595
2607
2617
2627
2628
2633
2635
2636
2638
2640
2644
2648
2660
2668
2674
2675
2683
2695
2710
2715
2722
2726
2730
2731
2744
2747
2751
2769
2770
2777
2778
2785
2798
2799
2810
2811
2813
2814
2832
2833
2837
2851
2853
2860
2861
2862
2864
2875
2896
2897
2902
2908
2915
2921
2925
2927
2929
2932
2942
2950
2953
2957
2978
2990
2992
2993
3009
3014
3017
3018
3020
3022
3029
3031
3039
3044
3049
3052
3060
3062
3066
3071
3072
3075
3076
3082
3090
3097
3098
3100
3102
3106
3116
3119
3121
3124
3125
3132
3134
3135
3140
3147
3151
3163
3164
3169
3171
3181
3184
3197
3205
3210
3238
3239
3243
3244
3264
3268
3272
3278
3279
3285
3286
3287
3293
3299
3304
3310
3311
3313
3316
3317
3330
3343
3346
3349
3351
3355
3358
3366
3367
3371
3378
3381
3388
3391
3392
3394
3395
3397
3402
3404
3405
3410
3419
3431
3440
3447
3453
3473
3486
3503
3507
3509
3523
3534
3540
3541
3559
3567
3570
3571
3577
3578
3582
3585
3591
3592
3599
3602
3611
3620
3621
3626
3628
3645
3647
3654
3656
3663
3664
3669
3671
3677
3679
3681
3682
3686
3692
3707
3712
3713
3715
3716
3725
3727
3732
3741
3742
3744
3747
3749
3754
3755
3758
3760
3761
3764
3765
3767
3775
3789
3791
3798
3802
3816
3819
3820
3821
3828
3831
3833
3838
3839
3848
3851
3852
3855
3858
3859
3866
3872
3873
3875
3878
3881
3894
3896
3906
3907
3908
3910
3911
3917
3922
3930
3931
3952
3958
3960
3964
3967
3982
