9
30
37
104
128
144
147
164
166
190
197
208
219
235
251
280
300
303
319
321
336
337
341
347
371
376
379
389
391
407
408
423
437
441
452
463
482
488
492
515
522
539
551
588
595
602
609
634
638
650
659
713
721
727
783
790
794
796
847
858
865
893
939
965
976
980
995
1000
1008
1034
1037
1045
1072
1095
1096
1109
1122
1151
1163
1164
1167
1184
1243
1249
1251
1285
1293
1296
1338
1342
1343
1357
1365
1376
1402
1409
1424
1428
1438
1440
1459
1507
1511
1515
1519
1520
1528
1531
1534
1547
1561
1593
1620
1632
1635
1648
1665
1669
1675
1686
1691
1694
1699
1707
1722
1743
1746
1787
1795
1835
1859
1861
1862
1865
1880
1888
1906
1914
1920
1945
1947
1956
1962
1994
2041
2046
2051
2053
2099
2101
2102
2104
2132
2133
2188
2192
2215
2230
2238
2239
2242
2248
2249
2255
2258
2284
2291
2296
2308
2309
2314
2316
2318
2328
2334
2346
2375
2394
2416
2422
2445
2447
2451
2470
2471
2484
2490
2524
2538
2539
2545
2573
2595
2599
2608
2613
2635
2653
2668
2673
2684
2689
2691
2703
2712
2721
2724
2736
2738
2760
2773
2827
2839
2844
2864
2865
2902
2916
2929
2945
2988
2999
3008
3013
3024
3038
3041
3044
3051
3058
3063
3098
3113
3120
3123
3135
3157
3192
3199
3205
3206
3207
3236
3280
3284
3285
3292
3297
3298
3303
3333
3349
3350
3360
3379
3388
3393
3421
3433
3434
3435
3451
3455
3461
3469
3510
3529
3540
3543
3546
3551
3554
3555
3577
3579
3582
3583
3603
3604
3615
3618
3624
3625
3640
3647
3652
3653
3667
3681
3702
3734
3744
3767
3775
3796
3806
3829
3844
3862
3868
3909
3926
3970
3980
3985
